0.00 0.00 0.00 229.592
0.00 0.00 0.00 229.613
0.00 0.00 0.00 229.631
0.00 0.00 0.00 229.652
0.00 0.00 0.00 229.673
0.00 0.00 0.00 229.691
0.00 0.00 0.00 229.712
0.00 0.00 0.00 229.733
0.00 0.00 0.00 229.751
0.00 0.00 0.00 229.772
0.00 0.00 0.00 229.793
0.00 0.00 0.00 229.813
0.00 0.00 0.00 229.833
0.00 0.00 0.00 229.853
0.00 0.00 0.00 229.873
0.00 0.00 0.00 229.892
0.00 0.00 0.00 229.912
0.00 0.00 0.00 229.932
0.00 0.00 0.00 229.952
0.00 0.00 0.00 229.972
0.00 0.00 0.00 229.992
0.00 0.00 0.00 230.012
0.00 0.00 0.00 230.032
0.00 0.00 0.00 230.052
0.00 0.01 0.00 230.072
0.01 0.01 0.00 230.092
0.02 0.02 -0.02 230.112
0.02 0.02 0.00 230.132
0.02 0.02 0.00 230.152
0.02 0.02 0.00 230.172
0.02 0.02 0.00 230.192
0.02 0.02 0.00 230.212
0.01 0.01 0.00 230.232
6.27 6.26 0.00 230.252
6.22 6.22 0.00 230.271
6.20 6.19 0.00 230.283
6.14 6.14 0.00 230.302
6.10 6.09 0.00 230.322
6.04 6.03 0.00 230.342
5.97 5.96 -0.03 230.362
5.91 5.89 -0.08 230.382
5.88 5.82 -0.15 230.402
5.88 5.76 -0.24 230.422
5.90 5.71 -0.34 230.442
5.96 5.68 -0.45 230.462
6.05 5.66 -0.57 230.482
6.16 5.66 -0.66 230.502
6.26 5.66 -0.73 230.522
0.07 5.66 -0.81 230.542
0.14 5.66 -0.84 230.561
0.17 5.66 -0.84 230.571
0.19 5.66 -0.84 230.583
0.21 5.66 -0.84 230.602
0.21 5.66 -0.84 230.621
0.21 5.66 -0.84 230.632
0.21 5.66 -0.84 230.651
0.21 5.66 -0.85 230.661
0.21 5.66 -0.84 230.671
0.21 5.66 -0.82 230.682
0.20 5.66 -0.81 230.701
0.19 5.66 -0.80 230.711
0.19 5.66 -0.78 230.723
0.16 5.66 -0.76 230.742
0.14 5.66 -0.74 230.760
0.13 5.66 -0.73 230.771
0.11 5.66 -0.72 230.781
0.10 5.66 -0.70 230.792
0.09 5.66 -0.70 230.803
0.08 5.66 -0.70 230.821
0.07 5.66 -0.69 230.831
0.06 5.66 -0.68 230.842
0.05 5.66 -0.67 230.853
0.04 5.66 -0.67 230.871
0.04 5.66 -0.67 230.881
0.04 5.66 -0.67 230.892
0.03 5.66 -0.66 230.903
0.03 5.66 -0.66 230.921
0.03 5.66 -0.66 230.931
0.02 5.66 -0.66 230.942
0.02 5.66 -0.66 230.953
0.02 5.66 -0.66 230.970
0.02 5.66 -0.66 230.980
0.02 5.66 -0.66 230.991
0.02 5.66 -0.66 231.001
0.02 5.66 -0.66 231.012
0.02 5.66 -0.66 231.023
0.02 5.66 -0.66 231.040
0.02 5.66 -0.66 231.051
0.02 5.66 -0.66 231.061
0.02 5.66 -0.66 231.072
0.02 5.66 -0.66 231.083
0.02 5.66 -0.66 231.100
0.02 5.66 -0.66 231.110
0.02 5.66 -0.66 231.120
0.02 5.66 -0.66 231.132
0.02 5.66 -0.66 231.145
0.03 5.68 -0.66 231.165
0.05 5.71 -0.65 231.185
0.08 5.74 -0.63 231.205
0.11 5.78 -0.62 231.225
0.14 5.83 -0.60 231.245
0.18 5.90 -0.53 231.265
0.23 6.02 -0.49 231.285
0.31 6.16 -0.44 231.304
0.41 0.01 -0.36 231.325
0.50 0.11 -0.26 231.346
0.53 0.20 -0.13 231.366
0.50 0.27 0.01 231.386
0.43 0.29 0.17 231.406
0.28 0.29 0.33 231.426
0.11 0.28 0.47 231.446
6.24 0.28 0.58 231.467
6.11 0.28 0.65 231.487
6.00 0.28 0.69 231.505
5.92 0.28 0.70 231.526
5.87 0.27 0.70 231.547
5.87 0.27 0.65 231.566
5.91 0.27 0.60 231.587
5.95 0.27 0.54 231.605
6.01 0.27 0.49 231.627
6.06 0.27 0.44 231.646
6.12 0.27 0.41 231.667
6.17 0.27 0.38 231.688
6.20 0.27 0.36 231.706
6.23 0.27 0.36 231.728
6.24 0.27 0.35 231.746
6.25 0.27 0.35 231.766
6.25 0.27 0.35 231.787
6.25 0.27 0.35 231.805
6.25 0.27 0.35 231.827
6.25 0.27 0.33 231.846
6.25 0.27 0.35 231.865
6.25 0.27 0.35 231.878
6.25 0.27 0.35 231.895
6.25 0.27 0.35 231.908
6.25 0.27 0.35 231.926
6.25 0.27 0.35 231.948
6.25 0.27 0.35 231.966
6.25 0.27 0.35 231.987
6.25 0.27 0.35 232.006
6.25 0.27 0.35 232.028
6.25 0.27 0.35 232.046
6.25 0.27 0.35 232.068
6.25 0.27 0.35 232.086
6.25 0.27 0.35 232.108
6.25 0.27 0.35 232.126
6.25 0.27 0.35 232.148
6.25 0.27 0.37 232.166
6.25 0.27 0.35 232.188
6.25 0.26 0.34 232.207
6.23 0.23 0.34 232.227
6.19 0.17 0.33 232.247
6.13 0.09 0.31 232.267
6.06 0.00 0.28 232.286
5.98 6.19 0.23 232.306
5.90 6.08 0.16 232.326
5.84 5.97 0.04 232.346
5.80 5.87 -0.06 232.366
5.80 5.79 -0.20 232.386
5.85 5.74 -0.34 232.406
5.94 5.71 -0.50 232.426
6.06 5.70 -0.63 232.446
6.20 5.70 -0.75 232.466
0.06 5.70 -0.87 232.488
0.18 5.70 -0.94 232.507
0.28 5.70 -0.96 232.526
0.36 5.70 -1.06 232.548
0.37 5.70 -0.95 232.567
0.37 5.70 -0.95 232.586
0.36 5.70 -0.91 232.608
0.35 5.70 -0.86 232.627
0.30 5.70 -0.87 232.646
0.25 5.70 -0.76 232.666
0.18 5.70 -0.71 232.688
0.16 5.70 -0.68 232.707
0.11 5.70 -0.66 232.726
0.07 5.70 -0.64 232.748
0.05 5.70 -0.63 232.767
0.03 5.70 -0.62 232.788
0.03 5.70 -0.62 232.806
0.02 5.70 -0.62 232.827
0.02 5.70 -0.62 232.847
0.02 5.70 -0.62 232.868
0.02 5.70 -0.62 232.887
0.02 5.70 -0.62 232.907
0.02 5.70 -0.63 232.927
0.02 5.70 -0.62 232.947
0.02 5.70 -0.62 232.967
0.02 5.70 -0.62 232.988
0.02 5.70 -0.62 233.007
0.02 5.70 -0.62 233.028
0.02 5.70 -0.62 233.047
0.02 5.70 -0.62 233.067
0.02 5.70 -0.62 233.087
0.02 5.70 -0.62 233.108
0.02 5.70 -0.62 233.127
0.02 5.70 -0.62 233.147
0.02 5.70 -0.62 233.167
0.03 5.70 -0.62 233.187
0.03 5.70 -0.62 233.206
0.04 5.71 -0.63 233.227
0.04 5.73 -0.62 233.247
0.06 5.74 -0.62 233.267
0.08 5.77 -0.61 233.287
0.09 5.80 -0.60 233.307
0.13 5.86 -0.59 233.327
0.17 5.93 -0.54 233.347
0.23 6.01 -0.51 233.367
0.32 6.10 -0.47 233.387
0.36 6.17 -0.39 233.407
0.37 6.22 -0.32 233.427
0.34 6.25 -0.21 233.447
0.28 6.26 -0.10 233.467
0.13 6.26 0.02 233.487
0.08 6.26 0.11 233.506
6.21 6.26 0.18 233.527
6.16 6.26 0.24 233.546
6.05 6.26 0.26 233.567
6.01 6.26 0.27 233.587
5.99 6.26 0.27 233.607
6.00 6.26 0.26 233.627
6.02 6.26 0.23 233.647
6.05 6.26 0.17 233.667
6.09 6.26 0.14 233.687
6.13 6.26 0.10 233.707
6.17 6.26 0.07 233.727
6.19 6.26 0.05 233.747
6.22 6.26 0.02 233.767
6.24 6.26 0.02 233.787
6.25 6.26 0.01 233.807
6.25 6.26 0.02 233.827
6.25 6.26 0.02 233.847
6.25 6.26 0.01 233.867
6.25 6.26 0.01 233.887
6.25 6.26 0.01 233.907
6.25 6.26 0.01 233.927
6.25 6.26 0.01 233.947
6.25 6.26 0.02 233.967
6.25 6.26 0.01 233.987
6.25 6.26 0.02 234.007
6.25 6.26 0.01 234.027
6.25 6.26 0.01 234.047
6.25 6.26 0.01 234.067
6.25 6.26 0.02 234.087
6.25 6.26 0.01 234.107
6.25 6.26 0.02 234.127
6.25 6.26 0.02 234.147
6.25 6.26 0.01 234.166
6.25 6.26 0.02 234.177
6.25 6.26 0.02 234.197
6.25 6.26 0.01 234.216
6.25 6.26 0.01 234.227
6.25 6.26 0.02 234.246
6.25 6.26 0.01 234.257
6.25 6.26 0.01 234.276
6.25 6.26 0.01 234.287
6.25 6.26 0.01 234.306
6.25 6.25 0.02 234.317
6.25 6.25 0.01 234.337
6.24 6.24 0.01 234.357
6.23 6.22 0.00 234.376
6.21 6.19 -0.01 234.387
6.17 6.12 -0.03 234.406
6.14 6.07 -0.04 234.417
6.06 5.97 -0.07 234.436
6.01 5.92 -0.08 234.447
5.92 5.83 -0.13 234.466
5.89 5.79 -0.18 234.477
5.90 5.75 -0.26 234.496
5.92 5.73 -0.32 234.507
5.98 5.72 -0.44 234.526
6.03 5.72 -0.50 234.538
6.15 5.72 -0.61 234.557
6.26 5.72 -0.68 234.576
0.03 5.72 -0.73 234.589
0.12 5.72 -0.79 234.607
0.20 5.73 -0.81 234.625
0.22 5.73 -0.81 234.636
0.24 5.73 -0.82 234.649
0.25 5.73 -0.81 234.666
0.25 5.73 -0.81 234.679
0.25 5.73 -0.81 234.697
0.25 5.73 -0.81 234.710
0.25 5.73 -0.78 234.730
0.24 5.73 -0.76 234.750
0.21 5.73 -0.73 234.769
0.18 5.73 -0.70 234.789
0.15 5.73 -0.67 234.809
0.13 5.73 -0.66 234.828
0.10 5.73 -0.64 234.846
0.09 5.73 -0.63 234.859
0.07 5.73 -0.62 234.877
0.06 5.73 -0.62 234.890
0.05 5.73 -0.61 234.908
0.04 5.73 -0.61 234.920
0.04 5.73 -0.61 234.938
0.03 5.73 -0.61 234.950
0.03 5.73 -0.60 234.968
0.03 5.73 -0.60 234.980
0.03 5.73 -0.60 234.999
0.03 5.73 -0.60 235.019
0.03 5.73 -0.60 235.037
0.03 5.73 -0.60 235.049
0.03 5.73 -0.61 235.067
0.03 5.73 -0.60 235.079
0.03 5.73 -0.60 235.099
0.03 5.73 -0.61 235.119
0.03 5.73 -0.60 235.139
0.03 5.73 -0.61 235.159
0.03 5.73 -0.60 235.179
0.03 5.73 -0.60 235.199
0.03 5.73 -0.60 235.219
0.03 5.73 -0.61 235.239
0.03 5.73 -0.60 235.259
0.03 5.73 -0.60 235.276
0.02 5.73 -0.60 235.289
0.02 5.73 -0.60 235.309
0.02 5.73 -0.60 235.329
0.02 5.73 -0.59 235.349
0.01 5.73 -0.59 235.367
0.01 5.73 -0.59 235.379
0.01 5.73 -0.59 235.399
0.01 5.73 -0.59 235.419
0.01 5.73 -0.58 235.440
0.00 5.73 -0.58 235.460
0.00 5.73 -0.58 235.480
0.01 5.75 -0.57 235.500
0.03 5.78 -0.56 235.521
0.06 5.83 -0.56 235.539
0.10 5.87 -0.53 235.560
0.15 5.92 -0.51 235.580
0.20 5.98 -0.48 235.601
0.25 6.05 -0.43 235.620
0.30 6.13 -0.35 235.641
0.34 6.22 -0.28 235.660
0.36 0.02 -0.18 235.681
0.36 0.09 -0.07 235.700
0.32 0.15 0.06 235.722
0.25 0.19 0.17 235.740
0.16 0.21 0.28 235.762
0.07 0.22 0.38 235.781
6.25 0.23 0.45 235.800
6.17 0.23 0.50 235.823
6.09 0.23 0.53 235.841
6.04 0.23 0.53 235.860
6.02 0.23 0.53 235.872
6.01 0.23 0.53 235.891
6.01 0.23 0.53 235.911
6.01 0.23 0.51 235.931
6.02 0.23 0.42 235.951
6.04 0.23 0.46 235.972
6.07 0.23 0.44 235.991
6.09 0.23 0.41 236.011
6.12 0.23 0.39 236.030
6.15 0.23 0.37 236.052
6.17 0.23 0.35 236.072
6.20 0.23 0.33 236.091
6.21 0.23 0.32 236.111
6.22 0.23 0.32 236.131
6.23 0.23 0.32 236.151
6.24 0.23 0.32 236.172
6.24 0.23 0.32 236.192
6.24 0.23 0.32 236.212
6.24 0.23 0.32 236.231
6.24 0.23 0.32 236.252
6.24 0.23 0.32 236.272
6.24 0.23 0.31 236.292
6.24 0.23 0.32 236.310
6.24 0.23 0.31 236.332
6.24 0.23 0.32 236.351
6.24 0.23 0.32 236.371
6.24 0.23 0.32 236.392
6.24 0.23 0.32 236.411
6.24 0.23 0.32 236.432
6.24 0.23 0.32 236.451
6.24 0.23 0.32 236.471
6.24 0.23 0.31 236.492
6.24 0.23 0.30 236.511
6.25 0.23 0.29 236.532
6.26 0.23 0.29 236.551
6.26 0.23 0.28 236.571
6.27 0.23 0.28 236.591
6.27 0.23 0.28 236.612
6.28 0.23 0.28 236.631
6.28 0.23 0.27 236.652
6.28 0.23 0.28 236.671
6.28 0.23 0.28 236.692
6.28 0.23 0.28 236.711
6.28 0.23 0.27 236.732
6.28 0.23 0.27 236.751
6.28 0.23 0.28 236.771
6.28 0.23 0.28 236.791
6.28 0.22 0.28 236.812
6.27 0.21 0.28 236.831
6.24 0.19 0.27 236.852
6.22 0.16 0.27 236.871
6.15 0.11 0.25 236.892
6.13 0.05 0.23 236.911
6.06 6.28 0.17 236.932
6.05 6.21 0.12 236.951
5.99 6.13 0.03 236.972
5.96 6.04 -0.05 236.992
5.95 5.95 -0.13 237.011
5.93 5.85 -0.25 237.032
5.94 5.77 -0.36 237.051
6.00 5.71 -0.49 237.072
6.09 5.66 -0.60 237.092
6.13 5.64 -0.70 237.110
6.24 5.64 -0.76 237.122
0.01 5.64 -0.84 237.140
0.12 5.64 -0.88 237.152
0.17 5.64 -0.95 237.170
0.24 5.64 -0.96 237.182
0.27 5.64 -0.95 237.200
0.30 5.64 -0.96 237.212
0.31 5.64 -0.96 237.232
0.31 5.65 -0.96 237.252
0.31 5.65 -0.94 237.272
0.30 5.65 -0.91 237.291
0.27 5.65 -0.86 237.311
0.23 5.65 -0.82 237.331
0.19 5.65 -0.80 237.351
0.15 5.65 -0.76 237.371
0.12 5.65 -0.73 237.391
0.09 5.65 -0.72 237.411
0.07 5.65 -0.70 237.431
0.06 5.65 -0.70 237.451
0.05 5.65 -0.69 237.471
0.04 5.65 -0.69 237.491
0.04 5.65 -0.69 237.511
0.04 5.65 -0.69 237.531
0.04 5.65 -0.69 237.551
0.04 5.65 -0.69 237.571
0.04 5.65 -0.69 237.591
0.04 5.65 -0.69 237.611
0.04 5.65 -0.69 237.631
0.04 5.65 -0.69 237.651
0.04 5.65 -0.69 237.671
0.04 5.65 -0.69 237.691
0.04 5.65 -0.68 237.711
0.03 5.65 -0.68 237.731
0.03 5.65 -0.68 237.751
0.03 5.65 -0.68 237.771
0.03 5.65 -0.67 237.791
0.03 5.65 -0.68 237.811
0.02 5.65 -0.67 237.831
0.02 5.65 -0.67 237.851
0.02 5.65 -0.66 237.871
0.01 5.65 -0.66 237.891
0.01 5.65 -0.66 237.911
0.01 5.65 -0.66 237.931
0.01 5.65 -0.66 237.951
0.01 5.65 -0.66 237.971
0.01 5.65 -0.66 237.991
0.01 5.65 -0.66 238.011
0.01 5.65 -0.66 238.030
0.01 5.65 -0.65 238.041
0.01 5.65 -0.66 238.060
0.01 5.65 -0.66 238.071
0.01 5.65 -0.66 238.091
0.01 5.65 -0.66 238.110
0.01 5.65 -0.67 238.121
0.01 5.65 -0.66 238.132
0.01 5.65 -0.66 238.151
0.01 5.65 -0.66 238.162
0.01 5.65 -0.66 238.180
0.01 5.65 -0.66 238.191
0.01 5.65 -0.66 238.204
0.01 5.65 -0.66 238.221
0.01 5.65 -0.65 238.234
0.01 5.65 -0.66 238.251
0.01 5.65 -0.66 238.262
0.01 5.65 -0.66 238.279
0.01 5.65 -0.66 238.290
0.01 5.65 -0.66 238.302
0.01 5.65 -0.66 238.320
0.01 5.65 -0.66 238.332
0.01 5.65 -0.66 238.344
0.01 5.65 -0.66 238.361
0.01 5.65 -0.65 238.372
0.00 5.65 -0.65 238.384
0.00 5.65 -0.65 238.401
0.00 5.65 -0.65 238.413
0.00 5.65 -0.65 238.430
0.00 5.65 -0.65 238.441
0.00 5.65 -0.65 238.452
0.00 5.65 -0.65 238.462
0.00 5.65 -0.65 238.474
0.00 5.65 -0.65 238.491
0.00 5.65 -0.65 238.502
0.00 5.65 -0.65 238.514
0.00 5.65 -0.65 238.531
0.00 5.65 -0.65 238.544
0.00 5.65 -0.65 238.562
0.00 5.65 -0.65 238.574
0.00 5.65 -0.65 238.593
0.00 5.65 -0.65 238.605
0.00 5.65 -0.65 238.624
0.00 5.65 -0.65 238.643
0.00 5.65 -0.65 238.655
0.00 5.65 -0.66 238.674
0.00 5.65 -0.65 238.693
0.00 5.65 -0.65 238.705
0.00 5.65 -0.65 238.724
0.00 5.65 -0.65 238.744
0.00 5.65 -0.65 238.762
0.00 5.65 -0.65 238.774
0.00 5.65 -0.65 238.794
0.00 5.65 -0.65 238.814
0.00 5.65 -0.65 238.834
0.00 5.65 -0.65 238.854
0.00 5.65 -0.65 238.874
0.00 5.65 -0.65 238.894
0.00 5.65 -0.65 238.914