0.250 0.247 0.000 0.000 0.451
0.375 0.371 0.000 0.000 0.801
0.438 0.434 0.000 0.000 0.819
0.470 0.466 0.000 0.000 0.855
0.486 0.483 0.000 0.000 0.875
0.494 0.491 0.000 0.000 0.899
0.495 0.515 0.000 0.000 0.915
0.496 0.528 0.000 0.000 0.948
0.496 0.535 0.000 0.000 0.958
0.496 0.544 0.000 0.000 0.976
0.498 0.555 0.000 0.000 0.988
0.505 0.570 0.000 0.000 1.004
0.517 0.584 0.000 0.000 1.016
0.530 0.594 0.000 0.000 1.050
0.541 0.599 0.000 0.000 1.081
0.547 0.602 0.000 0.000 1.115
0.550 0.603 0.000 0.000 1.149
0.552 0.604 0.000 0.000 1.181
0.553 0.604 0.000 0.000 1.215
0.553 0.603 0.000 0.000 1.248
0.552 0.603 0.000 0.000 1.282
0.548 0.596 0.000 0.000 1.321
0.537 0.577 0.000 0.000 1.347
0.524 0.551 0.000 0.000 1.381
0.511 0.519 0.000 0.000 1.414
0.500 0.491 0.000 0.000 1.447
0.492 0.465 0.000 0.000 1.482
0.488 0.446 0.000 0.000 1.515
0.486 0.430 0.000 0.000 1.547
0.485 0.420 0.000 0.000 1.580
0.485 0.415 0.000 0.000 1.614
0.484 0.413 0.000 0.000 1.648
0.484 0.411 0.000 0.000 1.682
0.484 0.411 0.000 0.000 1.714
0.484 0.410 0.000 0.000 1.746
0.484 0.410 0.000 0.000 1.782
0.484 0.411 0.000 0.000 1.816
0.484 0.420 0.000 0.000 1.848
0.483 0.435 0.000 0.000 1.882
0.481 0.455 0.000 0.000 1.913
0.480 0.477 0.000 0.000 1.949
0.482 0.500 0.000 0.000 1.987
0.139 0.521 0.350 0.000 2.014
0.147 0.538 0.350 0.000 2.048
0.156 0.548 0.350 0.000 2.080
0.169 0.555 0.350 0.000 2.116
0.187 0.562 0.350 0.000 2.150
0.217 0.571 0.350 0.000 2.184
0.257 0.582 0.350 0.000 2.214
0.303 0.596 0.350 0.000 2.248
0.349 0.609 0.350 0.000 2.282
0.391 0.619 0.350 0.000 2.316
0.421 0.627 0.350 0.000 2.348
0.441 0.632 0.350 0.000 2.380
0.453 0.628 0.350 0.000 2.414
0.461 0.614 0.350 0.000 2.450
0.467 0.593 0.350 0.000 2.482
0.471 0.568 0.350 0.000 2.513
0.474 0.541 0.350 0.000 2.548
0.478 0.513 0.350 0.000 2.583
0.481 0.485 0.350 0.000 2.616
0.483 0.458 0.350 0.000 2.648
0.484 0.435 0.350 0.000 2.682
0.485 0.418 0.350 0.000 2.713
0.486 0.404 0.350 0.000 2.746
0.487 0.398 0.350 0.000 2.781
0.487 0.395 0.350 0.000 2.815
0.487 0.394 0.350 0.000 2.846
0.486 0.393 0.350 0.000 2.890
0.486 0.393 0.350 0.000 2.913
0.486 0.398 0.350 0.000 2.948
0.485 0.411 0.350 0.000 2.984
0.484 0.430 0.350 0.000 3.014
0.483 0.451 0.350 0.000 3.048
0.481 0.480 0.350 0.000 3.083
0.478 0.512 0.350 0.000 3.114
0.476 0.543 0.350 0.000 3.148
0.473 0.567 0.350 0.000 3.181
0.470 0.583 0.350 0.000 3.213
0.469 0.592 0.350 0.000 3.248
0.468 0.597 0.350 0.000 3.281
0.468 0.599 0.350 0.000 3.315
0.467 0.600 0.350 0.000 3.349
0.467 0.600 0.350 0.000 3.380
0.467 0.597 0.350 0.000 3.413
0.468 0.593 0.350 0.000 3.447
0.469 0.584 0.350 0.000 3.481
0.472 0.568 0.350 0.000 3.515
0.473 0.548 0.350 0.000 3.547
0.476 0.524 0.350 0.000 3.580
0.479 0.498 0.350 0.000 3.618
0.480 0.475 0.350 0.000 3.648
0.482 0.458 0.350 0.000 3.682
0.483 0.445 0.350 0.000 3.718
0.488 0.436 0.350 0.000 3.749
0.494 0.432 0.350 0.000 3.780
0.500 0.430 0.350 0.000 3.825
0.505 0.432 0.350 0.000 3.846
0.509 0.431 0.350 0.000 3.882
0.511 0.432 0.350 0.000 3.912
0.513 0.433 0.350 0.000 3.955
0.513 0.434 0.350 0.000 3.981
0.514 0.084 0.350 0.350 4.011
0.514 0.089 0.350 0.350 4.048
0.513 0.101 0.350 0.350 4.079
0.511 0.127 0.350 0.350 4.112
0.507 0.176 0.350 0.350 4.149
0.501 0.244 0.350 0.350 4.178
0.493 0.320 0.350 0.350 4.214
0.487 0.403 0.350 0.350 4.253
0.484 0.466 0.350 0.350 4.280
0.486 0.508 0.350 0.350 4.317
0.492 0.532 0.350 0.350 4.347
0.499 0.543 0.350 0.350 4.378
0.507 0.550 0.350 0.350 4.413
0.512 0.549 0.350 0.350 4.445
0.515 0.548 0.350 0.350 4.481
0.517 0.547 0.350 0.350 4.512
0.518 0.545 0.350 0.350 4.549
0.518 0.543 0.350 0.350 4.584
0.518 0.538 0.350 0.350 4.615
0.519 0.532 0.350 0.350 4.648
0.519 0.526 0.350 0.350 4.679
0.519 0.519 0.350 0.350 4.713
0.520 0.511 0.350 0.350 4.747
0.520 0.503 0.350 0.350 4.779
0.519 0.499 0.350 0.350 4.818
0.516 0.496 0.350 0.350 4.854
0.513 0.495 0.350 0.350 4.878
0.508 0.495 0.350 0.350 4.913
0.505 0.495 0.350 0.350 4.946
0.502 0.495 0.350 0.350 4.981
0.498 0.495 0.350 0.350 5.011
0.492 0.494 0.350 0.350 5.047
0.488 0.494 0.350 0.350 5.078
0.485 0.493 0.350 0.350 5.113
0.483 0.493 0.350 0.350 5.148
0.482 0.492 0.350 0.350 5.178
0.483 0.490 0.350 0.350 5.213
0.485 0.486 0.350 0.350 5.250
0.487 0.481 0.350 0.350 5.279
0.490 0.475 0.350 0.350 5.316
0.493 0.470 0.350 0.350 5.345
0.495 0.464 0.350 0.350 5.378
0.497 0.460 0.350 0.350 5.415
0.498 0.457 0.350 0.350 5.445
0.499 0.456 0.350 0.350 5.482
0.499 0.455 0.350 0.350 5.512
0.499 0.455 0.350 0.350 5.546
0.499 0.455 0.350 0.350 5.589
0.499 0.455 0.350 0.350 5.612
0.499 0.455 0.350 0.350 5.649
0.499 0.455 0.350 0.350 5.679
0.499 0.454 0.350 0.350 5.712
0.499 0.454 0.350 0.350 5.745
0.499 0.454 0.350 0.350 5.780
0.499 0.454 0.350 0.350 5.814
0.499 0.454 0.350 0.350 5.849
0.499 0.454 0.350 0.350 5.888
0.499 0.456 0.350 0.350 5.914
0.499 0.464 0.350 0.350 5.947
0.499 0.476 0.350 0.350 5.979
1.199 0.488 -0.350 0.350 6.023
1.199 0.498 -0.350 0.350 6.044
1.199 0.507 -0.350 0.350 6.079
1.199 0.514 -0.350 0.350 6.111
1.188 0.520 -0.350 0.350 6.149
1.127 0.522 -0.350 0.350 6.180
1.026 0.514 -0.350 0.350 6.213
0.907 0.493 -0.350 0.350 6.247
0.791 0.471 -0.350 0.350 6.281
0.692 0.454 -0.350 0.350 6.315
0.618 0.444 -0.350 0.350 6.349
0.574 0.442 -0.350 0.350 6.380
0.552 0.443 -0.350 0.350 6.418
0.542 0.444 -0.350 0.350 6.448
0.536 0.450 -0.350 0.350 6.480
0.532 0.459 -0.350 0.350 6.514
0.530 0.470 -0.350 0.350 6.545
0.528 0.481 -0.350 0.350 6.578
0.526 0.488 -0.350 0.350 6.613
0.525 0.493 -0.350 0.350 6.645
0.525 0.495 -0.350 0.350 6.678
0.524 0.497 -0.350 0.350 6.712
0.524 0.497 -0.350 0.350 6.744
0.525 0.498 -0.350 0.350 6.780
0.528 0.499 -0.350 0.350 6.813
0.531 0.500 -0.350 0.350 6.848
0.535 0.501 -0.350 0.350 6.879
0.539 0.503 -0.350 0.350 6.913
0.541 0.505 -0.350 0.350 6.947
0.543 0.505 -0.350 0.350 6.980
0.544 0.503 -0.350 0.350 7.011
0.543 0.500 -0.350 0.350 7.045
0.542 0.498 -0.350 0.350 7.079
0.539 0.495 -0.350 0.350 7.112
0.538 0.494 -0.350 0.350 7.146
0.537 0.494 -0.350 0.350 7.177
0.537 0.494 -0.350 0.350 7.211
0.536 0.493 -0.350 0.350 7.244
0.536 0.493 -0.350 0.350 7.280
0.536 0.493 -0.350 0.350 7.314
0.536 0.493 -0.350 0.350 7.347
0.534 0.492 -0.350 0.350 7.380
0.529 0.490 -0.350 0.350 7.413
0.524 0.486 -0.350 0.350 7.445
0.517 0.481 -0.350 0.350 7.483
0.511 0.477 -0.350 0.350 7.512
0.506 0.474 -0.350 0.350 7.546
0.504 0.472 -0.350 0.350 7.579
0.503 0.471 -0.350 0.350 7.612
0.502 0.471 -0.350 0.350 7.648
0.502 0.470 -0.350 0.350 7.678
0.502 0.470 -0.350 0.350 7.710
0.504 0.475 -0.350 0.350 7.745
0.507 0.484 -0.350 0.350 7.781
0.512 0.491 -0.350 0.350 7.814
0.519 0.500 -0.350 0.350 7.844
0.523 0.505 -0.350 0.350 7.879
0.526 0.510 -0.350 0.350 7.911
0.529 0.513 -0.350 0.350 7.945
0.531 0.515 -0.350 0.350 7.979
0.532 1.215 -0.350 -0.350 8.014
0.532 1.216 -0.350 -0.350 8.045
0.531 1.218 -0.350 -0.350 8.084
0.528 1.218 -0.350 -0.350 8.111
0.520 1.205 -0.350 -0.350 8.154
0.513 1.166 -0.350 -0.350 8.179
0.506 1.096 -0.350 -0.350 8.212
0.501 1.007 -0.350 -0.350 8.243
0.498 0.903 -0.350 -0.350 8.289
0.496 0.785 -0.350 -0.350 8.314
0.496 0.669 -0.350 -0.350 8.344
0.497 0.569 -0.350 -0.350 8.379
0.499 0.500 -0.350 -0.350 8.413
0.503 0.454 -0.350 -0.350 8.445
0.507 0.422 -0.350 -0.350 8.482
0.513 0.402 -0.350 -0.350 8.512
0.520 0.388 -0.350 -0.350 8.545
0.526 0.379 -0.350 -0.350 8.578
0.533 0.374 -0.350 -0.350 8.615
0.537 0.370 -0.350 -0.350 8.648
0.538 0.368 -0.350 -0.350 8.677
0.540 0.370 -0.350 -0.350 8.710
0.540 0.378 -0.350 -0.350 8.745
0.535 0.389 -0.350 -0.350 8.778
0.530 0.405 -0.350 -0.350 8.814
0.528 0.421 -0.350 -0.350 8.844
0.523 0.438 -0.350 -0.350 8.878
0.520 0.453 -0.350 -0.350 8.911
0.517 0.467 -0.350 -0.350 8.946
0.513 0.479 -0.350 -0.350 8.981
0.510 0.491 -0.350 -0.350 9.011
0.509 0.499 -0.350 -0.350 9.045
0.508 0.506 -0.350 -0.350 9.082
0.507 0.509 -0.350 -0.350 9.111
0.507 0.510 -0.350 -0.350 9.149
0.507 0.511 -0.350 -0.350 9.182
0.507 0.511 -0.350 -0.350 9.210
0.507 0.513 -0.350 -0.350 9.245
0.505 0.517 -0.350 -0.350 9.278
0.503 0.529 -0.350 -0.350 9.313
0.500 0.540 -0.350 -0.350 9.342
0.498 0.552 -0.350 -0.350 9.379
0.495 0.562 -0.350 -0.350 9.411
0.493 0.568 -0.350 -0.350 9.447
0.492 0.571 -0.350 -0.350 9.485
0.491 0.572 -0.350 -0.350 9.510
0.491 0.573 -0.350 -0.350 9.545
0.491 0.573 -0.350 -0.350 9.576
0.491 0.573 -0.350 -0.350 9.614
0.491 0.572 -0.350 -0.350 9.645
0.494 0.566 -0.350 -0.350 9.677
0.497 0.557 -0.350 -0.350 9.720
0.499 0.544 -0.350 -0.350 9.749
0.503 0.526 -0.350 -0.350 9.781
0.506 0.512 -0.350 -0.350 9.811
0.511 0.498 -0.350 -0.350 9.843
0.514 0.486 -0.350 -0.350 9.879
0.515 0.474 -0.350 -0.350 9.912
0.516 0.466 -0.350 -0.350 9.947
0.518 0.459 -0.350 -0.350 9.978
0.169 0.454 0.000 -0.350 10.011
0.170 0.451 0.000 -0.350 10.048
0.171 0.450 0.000 -0.350 10.075
0.171 0.450 0.000 -0.350 10.108
0.171 0.449 0.000 -0.350 10.147
0.172 0.449 0.000 -0.350 10.176
0.178 0.450 0.000 -0.350 10.214
0.208 0.456 0.000 -0.350 10.247
0.260 0.465 0.000 -0.350 10.286
0.329 0.477 0.000 -0.350 10.313
0.401 0.496 0.000 -0.350 10.343
0.465 0.513 0.000 -0.350 10.378
0.514 0.527 0.000 -0.350 10.418
0.541 0.535 0.000 -0.350 10.444
0.555 0.540 0.000 -0.350 10.481
0.562 0.543 0.000 -0.350 10.512
0.560 0.542 0.000 -0.350 10.547
0.546 0.538 0.000 -0.350 10.577
0.525 0.532 0.000 -0.350 10.612
0.502 0.525 0.000 -0.350 10.652
0.482 0.519 0.000 -0.350 10.677
0.468 0.514 0.000 -0.350 10.712
0.460 0.511 0.000 -0.350 10.744
0.456 0.510 0.000 -0.350 10.781
0.453 0.508 0.000 -0.350 10.813
0.451 0.507 0.000 -0.350 10.843
0.449 0.509 0.000 -0.350 10.878
0.448 0.511 0.000 -0.350 10.909
0.447 0.512 0.000 -0.350 10.945
0.447 0.513 0.000 -0.350 10.985
0.447 0.513 0.000 -0.350 11.009
0.446 0.513 0.000 -0.350 11.044
0.446 0.513 0.000 -0.350 11.076
0.447 0.512 0.000 -0.350 11.113
0.449 0.510 0.000 -0.350 11.146
0.455 0.513 0.000 -0.350 11.175
0.468 0.517 0.000 -0.350 11.212
0.485 0.521 0.000 -0.350 11.243
0.503 0.526 0.000 -0.350 11.277
0.518 0.530 0.000 -0.350 11.311
0.527 0.534 0.000 -0.350 11.342
0.532 0.535 0.000 -0.350 11.385
0.534 0.536 0.000 -0.350 11.409
0.535 0.536 0.000 -0.350 11.443
0.535 0.536 0.000 -0.350 11.478
0.536 0.536 0.000 -0.350 11.509
0.537 0.537 0.000 -0.350 11.544
0.538 0.536 0.000 -0.350 11.575
0.537 0.536 0.000 -0.350 11.609
0.529 0.533 0.000 -0.350 11.651
0.519 0.529 0.000 -0.350 11.686
0.508 0.520 0.000 -0.350 11.708
0.498 0.509 0.000 -0.350 11.743
0.493 0.495 0.000 -0.350 11.776
0.491 0.483 0.000 -0.350 11.812
0.491 0.473 0.000 -0.350 11.842
0.491 0.465 0.000 -0.350 11.877
0.492 0.461 0.000 -0.350 11.909
0.492 0.459 0.000 -0.350 11.943
0.492 0.458 0.000 -0.350 11.978
0.492 0.107 0.000 0.000 12.008
0.492 0.106 0.000 0.000 12.042
0.492 0.106 0.000 0.000 12.077
0.492 0.107 0.000 0.000 12.111
0.492 0.111 0.000 0.000 12.145
0.490 0.122 0.000 0.000 12.176
0.483 0.160 0.000 0.000 12.212
0.471 0.218 0.000 0.000 12.243
0.457 0.297 0.000 0.000 12.279
0.443 0.380 0.000 0.000 12.312
0.436 0.461 0.000 0.000 12.342
0.444 0.531 0.000 0.000 12.379
0.463 0.583 0.000 0.000 12.408
0.487 0.614 0.000 0.000 12.445
0.511 0.631 0.000 0.000 12.477
0.527 0.641 0.000 0.000 12.509
0.537 0.645 0.000 0.000 12.556
0.542 0.645 0.000 0.000 12.577
0.545 0.638 0.000 0.000 12.610
0.548 0.626 0.000 0.000 12.643
0.550 0.607 0.000 0.000 12.675
0.546 0.581 0.000 0.000 12.711
0.536 0.547 0.000 0.000 12.742
0.521 0.511 0.000 0.000 12.776
0.506 0.479 0.000 0.000 12.810
0.493 0.449 0.000 0.000 12.846
0.485 0.425 0.000 0.000 12.876
0.480 0.412 0.000 0.000 12.908
0.478 0.404 0.000 0.000 12.950
0.477 0.401 0.000 0.000 12.978
0.477 0.399 0.000 0.000 13.009
0.476 0.397 0.000 0.000 13.042
0.476 0.396 0.000 0.000 13.076
0.476 0.396 0.000 0.000 13.110
0.476 0.396 0.000 0.000 13.144
0.475 0.404 0.000 0.000 13.176
0.474 0.420 0.000 0.000 13.208
0.473 0.441 0.000 0.000 13.250
0.478 0.467 0.000 0.000 13.276
0.487 0.493 0.000 0.000 13.309
0.498 0.519 0.000 0.000 13.343
0.508 0.540 0.000 0.000 13.375
0.517 0.553 0.000 0.000 13.410
0.523 0.560 0.000 0.000 13.441
0.525 0.564 0.000 0.000 13.476
0.526 0.565 0.000 0.000 13.510
0.527 0.567 0.000 0.000 13.542
0.528 0.567 0.000 0.000 13.577
0.528 0.567 0.000 0.000 13.614
0.528 0.567 0.000 0.000 13.646
0.527 0.566 0.000 0.000 13.685
0.525 0.565 0.000 0.000 13.707
0.517 0.562 0.000 0.000 13.745
0.508 0.558 0.000 0.000 13.775
0.498 0.553 0.000 0.000 13.814
0.490 0.541 0.000 0.000 13.842
0.487 0.525 0.000 0.000 13.884
0.484 0.508 0.000 0.000 13.913
0.484 0.493 0.000 0.000 13.942
0.485 0.480 0.000 0.000 13.983
0.487 0.467 0.000 0.000 14.012
0.489 0.458 0.000 0.000 14.046
0.490 0.450 0.000 0.000 14.074
0.490 0.446 0.000 0.000 14.107
0.490 0.444 0.000 0.000 14.142
0.490 0.443 0.000 0.000 14.180
0.490 0.443 0.000 0.000 14.207
0.490 0.442 0.000 0.000 14.241
0.490 0.442 0.000 0.000 14.278
0.490 0.442 0.000 0.000 14.310
0.490 0.442 0.000 0.000 14.341
0.490 0.442 0.000 0.000 14.375
0.490 0.442 0.000 0.000 14.407
0.490 0.442 0.000 0.000 14.442
0.490 0.445 0.000 0.000 14.477
0.489 0.456 0.000 0.000 14.507
0.486 0.469 0.000 0.000 14.540
0.484 0.486 0.000 0.000 14.576
0.482 0.504 0.000 0.000 14.618
0.480 0.519 0.000 0.000 14.642
0.480 0.530 0.000 0.000 14.675
0.481 0.535 0.000 0.000 14.708
0.484 0.540 0.000 0.000 14.740
0.490 0.542 0.000 0.000 14.776
0.495 0.545 0.000 0.000 14.810
0.500 0.546 0.000 0.000 14.845
0.504 0.547 0.000 0.000 14.876
0.507 0.548 0.000 0.000 14.908
0.508 0.548 0.000 0.000 14.941
0.509 0.549 0.000 0.000 14.977
0.509 0.549 0.000 0.000 15.007
0.509 0.549 0.000 0.000 15.042
0.509 0.549 0.000 0.000 15.072
0.509 0.549 0.000 0.000 15.107
0.510 0.548 0.000 0.000 15.144
0.510 0.548 0.000 0.000 15.176
0.510 0.548 0.000 0.000 15.206
0.510 0.545 0.000 0.000 15.242
0.511 0.537 0.000 0.000 15.276
0.513 0.526 0.000 0.000 15.309
0.514 0.516 0.000 0.000 15.341
0.516 0.503 0.000 0.000 15.374
0.518 0.492 0.000 0.000 15.409
0.520 0.480 0.000 0.000 15.441
0.523 0.471 0.000 0.000 15.478
0.524 0.462 0.000 0.000 15.508
0.525 0.457 0.000 0.000 15.541
0.524 0.455 0.000 0.000 15.577
0.520 0.453 0.000 0.000 15.608
0.514 0.451 0.000 0.000 15.641
0.507 0.449 0.000 0.000 15.673
0.501 0.447 0.000 0.000 15.707
0.496 0.446 0.000 0.000 15.744
0.492 0.446 0.000 0.000 15.778
0.490 0.446 0.000 0.000 15.812
0.490 0.446 0.000 0.000 15.841
0.489 0.446 0.000 0.000 15.875
0.489 0.448 0.000 0.000 15.909
0.488 0.454 0.000 0.000 15.945
0.486 0.465 0.000 0.000 15.980
0.484 0.477 0.000 0.000 16.011
0.481 0.492 0.000 0.000 16.043
0.479 0.506 0.000 0.000 16.075
0.477 0.518 0.000 0.000 16.112
0.476 0.524 0.000 0.000 16.145
0.475 0.527 0.000 0.000 16.176
0.475 0.528 0.000 0.000 16.214
0.475 0.529 0.000 0.000 16.251
0.475 0.529 0.000 0.000 16.279
0.475 0.529 0.000 0.000 16.313
0.477 0.529 0.000 0.000 16.343
0.480 0.530 0.000 0.000 16.377
