0.237 -0.319 -0.000 0.000 0.000 0.000 0.580
0.105 -0.228 -0.008 0.000 0.000 0.000 0.697
0.040 -0.187 -0.020 0.000 0.000 0.000 0.726
0.007 -0.166 -0.034 0.000 0.000 0.000 0.757
-0.010 -0.153 -0.011 0.000 0.000 0.000 0.792
-0.018 -0.145 -0.020 0.000 0.000 0.000 0.823
-0.022 -0.133 -0.010 0.000 0.000 0.000 0.854
-0.024 -0.121 -0.010 0.000 0.000 0.000 0.887
-0.025 -0.105 0.001 0.000 0.000 0.000 0.917
-0.028 -0.087 -0.006 0.000 0.000 0.000 0.948
-0.033 -0.065 -0.009 0.000 0.000 0.000 0.977
-0.044 -0.042 -0.020 0.000 0.000 0.000 1.006
-0.055 -0.017 -0.018 0.000 0.000 0.000 1.038
-0.061 0.005 -0.031 0.000 0.000 0.000 1.067
-0.064 0.024 -0.028 0.000 0.000 0.000 1.111
-0.065 0.041 -0.036 0.000 0.000 0.000 1.141
-0.064 0.055 -0.020 0.000 0.000 0.000 1.173
-0.064 0.067 0.006 0.000 0.000 0.000 1.207
-0.064 0.073 0.016 0.000 0.000 0.000 1.236
-0.063 0.077 0.016 0.000 0.000 0.000 1.270
-0.063 0.078 0.017 0.000 0.000 0.000 1.307
-0.061 0.078 0.002 0.000 0.000 0.000 1.342
-0.059 0.080 -0.010 0.000 0.000 0.000 1.373
-0.049 0.079 0.001 0.000 0.000 0.000 1.404
-0.036 0.078 -0.012 0.000 0.000 0.000 1.435
-0.023 0.076 -0.005 0.000 0.000 0.000 1.465
-0.011 0.074 0.007 0.000 0.000 0.000 1.497
-0.001 0.073 0.009 0.000 0.000 0.000 1.527
0.005 0.070 0.001 0.000 0.000 0.000 1.560
0.012 0.070 -0.001 0.000 0.000 0.000 1.591
0.017 0.068 -0.020 0.000 0.000 0.000 1.620
0.023 0.068 -0.013 0.000 0.000 0.000 1.652
0.026 0.063 -0.005 0.000 0.000 0.000 1.684
0.027 0.050 -0.000 0.000 0.000 0.000 1.715
0.026 0.034 -0.001 0.000 0.000 0.000 1.746
0.025 0.017 -0.027 0.000 0.000 0.000 1.778
0.023 -0.001 -0.030 0.000 0.000 0.000 1.810
0.021 -0.021 -0.020 0.000 0.000 0.000 1.839
0.020 -0.039 -0.026 0.000 0.000 0.000 1.868
0.020 -0.054 -0.027 0.000 0.000 0.000 1.902
0.018 -0.067 -0.021 0.000 0.000 0.000 1.932
0.017 -0.076 -0.040 0.000 0.000 0.000 1.963
0.016 -0.085 -0.036 0.000 0.000 0.000 1.994
0.316 -0.090 -0.030 0.300 0.000 0.000 2.024
0.316 -0.093 -0.026 0.300 0.000 0.000 2.054
0.316 -0.094 -0.026 0.300 0.000 0.000 2.085
0.315 -0.094 -0.017 0.300 0.000 0.000 2.115
0.316 -0.094 -0.021 0.300 0.000 0.000 2.145
0.315 -0.094 -0.013 0.300 0.000 0.000 2.173
0.314 -0.095 -0.018 0.300 0.000 0.000 2.205
0.309 -0.092 -0.024 0.300 0.000 0.000 2.234
0.283 -0.083 -0.004 0.300 0.000 0.000 2.271
0.235 -0.067 0.023 0.300 0.000 0.000 2.304
0.175 -0.044 0.028 0.300 0.000 0.000 2.333
0.113 -0.017 0.015 0.300 0.000 0.000 2.362
0.060 0.010 0.022 0.300 0.000 0.000 2.393
0.024 0.034 0.034 0.300 0.000 0.000 2.420
0.005 0.052 0.043 0.300 0.000 0.000 2.449
-0.004 0.063 0.041 0.300 0.000 0.000 2.477
-0.008 0.070 0.052 0.300 0.000 0.000 2.505
-0.010 0.074 0.066 0.300 0.000 0.000 2.534
-0.012 0.077 0.074 0.300 0.000 0.000 2.565
-0.012 0.078 0.077 0.300 0.000 0.000 2.596
-0.012 0.078 0.078 0.300 0.000 0.000 2.634
-0.012 0.078 0.076 0.300 0.000 0.000 2.667
-0.012 0.078 0.078 0.300 0.000 0.000 2.699
-0.011 0.078 0.071 0.300 0.000 0.000 2.732
-0.011 0.077 0.056 0.300 0.000 0.000 2.766
-0.009 0.076 0.052 0.300 0.000 0.000 2.798
-0.004 0.074 0.052 0.300 0.000 0.000 2.832
0.003 0.071 0.053 0.300 0.000 0.000 2.864
0.011 0.066 0.029 0.300 0.000 0.000 2.899
0.019 0.055 0.046 0.300 0.000 0.000 2.929
0.023 0.042 0.062 0.300 0.000 0.000 2.965
0.025 0.025 0.041 0.300 0.000 0.000 2.997
0.026 0.005 0.027 0.300 0.000 0.000 3.031
0.027 -0.015 0.027 0.300 0.000 0.000 3.065
0.026 -0.031 0.019 0.300 0.000 0.000 3.097
0.025 -0.045 -0.008 0.300 0.000 0.000 3.133
0.025 -0.055 -0.009 0.300 0.000 0.000 3.170
0.025 -0.060 -0.016 0.300 0.000 0.000 3.202
0.025 -0.064 -0.029 0.300 0.000 0.000 3.238
0.025 -0.066 -0.042 0.300 0.000 0.000 3.266
0.025 -0.068 -0.047 0.300 0.000 0.000 3.297
0.026 -0.069 -0.058 0.300 0.000 0.000 3.332
0.025 -0.069 -0.058 0.300 0.000 0.000 3.366
0.025 -0.069 -0.054 0.300 0.000 0.000 3.397
0.024 -0.069 -0.045 0.300 0.000 0.000 3.429
0.024 -0.068 -0.034 0.300 0.000 0.000 3.465
0.024 -0.067 -0.029 0.300 0.000 0.000 3.497
0.024 -0.065 -0.023 0.300 0.000 0.000 3.529
0.024 -0.059 -0.032 0.300 0.000 0.000 3.562
0.024 -0.049 -0.029 0.300 0.000 0.000 3.598
0.022 -0.032 -0.021 0.300 0.000 0.000 3.628
0.019 -0.013 -0.033 0.300 0.000 0.000 3.663
0.014 0.001 -0.040 0.300 0.000 0.000 3.699
0.007 0.014 -0.045 0.300 0.000 0.000 3.729
-0.001 0.022 -0.035 0.300 0.000 0.000 3.765
-0.007 0.026 -0.034 0.300 0.000 0.000 3.794
-0.010 0.028 -0.038 0.300 0.000 0.000 3.832
-0.012 0.029 -0.041 0.300 0.000 0.000 3.863
-0.013 0.030 -0.037 0.300 0.000 0.000 3.895
-0.014 0.030 -0.036 0.300 0.000 0.000 3.930
-0.014 0.030 -0.042 0.300 0.000 0.000 3.967
-0.014 0.029 -0.043 0.300 0.000 0.000 3.997
-0.014 -0.270 -0.042 0.300 0.300 0.000 4.030
-0.014 -0.271 -0.047 0.300 0.300 0.000 4.064
-0.014 -0.269 -0.044 0.300 0.300 0.000 4.097
-0.013 -0.266 -0.031 0.300 0.300 0.000 4.129
-0.012 -0.259 0.003 0.300 0.300 0.000 4.164
-0.010 -0.240 0.041 0.300 0.300 0.000 4.198
-0.008 -0.214 0.038 0.300 0.300 0.000 4.234
-0.007 -0.179 0.041 0.300 0.300 0.000 4.264
-0.003 -0.138 0.071 0.300 0.300 0.000 4.299
-0.001 -0.096 0.065 0.300 0.300 0.000 4.332
0.001 -0.058 0.056 0.300 0.300 0.000 4.362
0.002 -0.028 0.046 0.300 0.300 0.000 4.398
0.003 -0.006 0.034 0.300 0.300 0.000 4.431
0.003 0.007 0.028 0.300 0.300 0.000 4.462
0.003 0.013 0.022 0.300 0.300 0.000 4.500
0.003 0.016 0.020 0.300 0.300 0.000 4.529
0.003 0.018 0.021 0.300 0.300 0.000 4.563
0.003 0.019 0.028 0.300 0.300 0.000 4.599
0.003 0.020 0.040 0.300 0.300 0.000 4.630
0.004 0.020 0.042 0.300 0.300 0.000 4.664
0.004 0.020 0.047 0.300 0.300 0.000 4.695
0.004 0.020 0.035 0.300 0.300 0.000 4.729
0.003 0.020 0.029 0.300 0.300 0.000 4.762
0.003 0.020 0.031 0.300 0.300 0.000 4.797
0.003 0.020 0.030 0.300 0.300 0.000 4.830
0.003 0.018 0.022 0.300 0.300 0.000 4.863
0.002 0.017 0.032 0.300 0.300 0.000 4.897
0.000 0.015 0.046 0.300 0.300 0.000 4.931
-0.002 0.011 0.031 0.300 0.300 0.000 4.963
-0.004 0.008 0.019 0.300 0.300 0.000 5.000
-0.005 0.001 0.008 0.300 0.300 0.000 5.030
-0.006 -0.003 -0.004 0.300 0.300 0.000 5.064
-0.007 -0.003 -0.002 0.300 0.300 0.000 5.096
-0.007 -0.004 -0.009 0.300 0.300 0.000 5.129
-0.008 -0.005 -0.013 0.300 0.300 0.000 5.164
-0.008 -0.005 -0.013 0.300 0.300 0.000 5.199
-0.009 -0.006 -0.004 0.300 0.300 0.000 5.230
-0.010 -0.012 -0.005 0.300 0.300 0.000 5.264
-0.010 -0.022 -0.006 0.300 0.300 0.000 5.297
-0.009 -0.032 -0.002 0.300 0.300 0.000 5.333
-0.009 -0.043 -0.011 0.300 0.300 0.000 5.361
-0.009 -0.051 0.003 0.300 0.300 0.000 5.395
-0.009 -0.056 0.002 0.300 0.300 0.000 5.431
-0.009 -0.059 -0.003 0.300 0.300 0.000 5.463
-0.009 -0.060 -0.002 0.300 0.300 0.000 5.500
-0.009 -0.061 -0.004 0.300 0.300 0.000 5.529
-0.009 -0.061 -0.005 0.300 0.300 0.000 5.562
-0.008 -0.061 0.001 0.300 0.300 0.000 5.595
-0.008 -0.062 -0.004 0.300 0.300 0.000 5.637
-0.009 -0.061 -0.003 0.300 0.300 0.000 5.675
-0.009 -0.061 -0.003 0.300 0.300 0.000 5.703
-0.009 -0.061 -0.003 0.300 0.300 0.000 5.733
-0.009 -0.061 -0.001 0.300 0.300 0.000 5.762
-0.009 -0.061 0.003 0.300 0.300 0.000 5.795
-0.009 -0.056 0.006 0.300 0.300 0.000 5.832
-0.009 -0.044 0.007 0.300 0.300 0.000 5.861
-0.009 -0.030 0.011 0.300 0.300 0.000 5.896
-0.008 -0.015 0.013 0.300 0.300 0.000 5.928
-0.008 -0.001 0.017 0.300 0.300 0.000 5.964
-0.009 0.013 0.021 0.300 0.300 0.000 5.997
-0.610 0.020 0.023 -0.300 0.300 0.000 6.030
-0.610 0.024 0.017 -0.300 0.300 0.000 6.062
-0.611 0.026 0.002 -0.300 0.300 0.000 6.099
-0.610 0.028 -0.007 -0.300 0.300 0.000 6.134
-0.603 0.028 -0.022 -0.300 0.300 0.000 6.167
-0.570 0.023 -0.021 -0.300 0.300 0.000 6.203
-0.509 0.018 -0.024 -0.300 0.300 0.000 6.232
-0.425 0.010 -0.027 -0.300 0.300 0.000 6.262
-0.335 0.003 -0.057 -0.300 0.300 0.000 6.296
-0.251 -0.003 -0.045 -0.300 0.300 0.000 6.334
-0.183 -0.008 -0.037 -0.300 0.300 0.000 6.365
-0.139 -0.011 -0.044 -0.300 0.300 0.000 6.398
-0.117 -0.012 -0.049 -0.300 0.300 0.000 6.429
-0.106 -0.013 -0.046 -0.300 0.300 0.000 6.462
-0.100 -0.013 -0.066 -0.300 0.300 0.000 6.497
-0.097 -0.013 -0.064 -0.300 0.300 0.000 6.535
-0.096 -0.013 -0.060 -0.300 0.300 0.000 6.568
-0.095 -0.013 -0.062 -0.300 0.300 0.000 6.602
-0.095 -0.012 -0.065 -0.300 0.300 0.000 6.635
-0.094 -0.012 -0.056 -0.300 0.300 0.000 6.669
-0.094 -0.012 -0.056 -0.300 0.300 0.000 6.702
-0.094 -0.008 -0.079 -0.300 0.300 0.000 6.739
-0.092 0.002 -0.050 -0.300 0.300 0.000 6.775
-0.091 0.013 -0.058 -0.300 0.300 0.000 6.808
-0.089 0.022 -0.048 -0.300 0.300 0.000 6.850
-0.089 0.030 -0.046 -0.300 0.300 0.000 6.891
-0.088 0.033 -0.033 -0.300 0.300 0.000 6.926
-0.084 0.031 -0.038 -0.300 0.300 0.000 6.964
-0.073 0.030 -0.046 -0.300 0.300 0.000 6.995
-0.058 0.028 -0.016 -0.300 0.300 0.000 7.027
-0.041 0.023 -0.038 -0.300 0.300 0.000 7.067
-0.025 0.020 -0.045 -0.300 0.300 0.000 7.097
-0.013 0.016 -0.011 -0.300 0.300 0.000 7.129
-0.005 0.013 0.006 -0.300 0.300 0.000 7.165
0.000 0.012 0.016 -0.300 0.300 0.000 7.203
0.003 0.012 0.024 -0.300 0.300 0.000 7.246
0.005 0.012 0.030 -0.300 0.300 0.000 7.283
0.007 0.012 0.028 -0.300 0.300 0.000 7.320
0.008 0.012 0.036 -0.300 0.300 0.000 7.349
0.008 0.012 0.037 -0.300 0.300 0.000 7.383
0.008 0.012 0.042 -0.300 0.300 0.000 7.413
0.008 0.012 0.044 -0.300 0.300 0.000 7.448
0.008 0.012 0.044 -0.300 0.300 0.000 7.495
0.007 0.011 0.025 -0.300 0.300 0.000 7.529
0.008 0.011 0.026 -0.300 0.300 0.000 7.559
0.008 0.011 0.019 -0.300 0.300 0.000 7.591
0.008 0.011 0.025 -0.300 0.300 0.000 7.622
0.008 0.011 0.021 -0.300 0.300 0.000 7.664
0.008 0.010 0.015 -0.300 0.300 0.000 7.696
0.008 0.011 0.027 -0.300 0.300 0.000 7.725
0.008 0.011 0.027 -0.300 0.300 0.000 7.755
0.008 0.011 0.039 -0.300 0.300 0.000 7.786
0.009 0.010 0.044 -0.300 0.300 0.000 7.814
0.010 0.010 0.035 -0.300 0.300 0.000 7.845
0.010 0.009 0.033 -0.300 0.300 0.000 7.877
0.009 0.010 0.033 -0.300 0.300 0.000 7.914
0.008 0.010 0.035 -0.300 0.300 0.000 7.947
0.007 0.011 0.038 -0.300 0.300 0.000 7.979
0.007 0.611 0.038 -0.300 -0.300 0.000 8.016
0.007 0.612 0.051 -0.300 -0.300 0.000 8.048
0.007 0.612 0.053 -0.300 -0.300 0.000 8.082
0.007 0.608 0.040 -0.300 -0.300 0.000 8.118
0.006 0.595 0.030 -0.300 -0.300 0.000 8.151
0.003 0.566 0.026 -0.300 -0.300 0.000 8.179
-0.003 0.518 0.011 -0.300 -0.300 0.000 8.209
-0.009 0.459 -0.007 -0.300 -0.300 0.000 8.240
-0.016 0.393 -0.014 -0.300 -0.300 0.000 8.268
-0.022 0.323 -0.047 -0.300 -0.300 0.000 8.301
-0.027 0.249 -0.073 -0.300 -0.300 0.000 8.332
-0.031 0.177 -0.072 -0.300 -0.300 0.000 8.362
-0.035 0.108 -0.054 -0.300 -0.300 0.000 8.395
-0.037 0.044 -0.050 -0.300 -0.300 0.000 8.426
-0.039 -0.009 -0.062 -0.300 -0.300 0.000 8.461
-0.040 -0.056 -0.045 -0.300 -0.300 0.000 8.493
-0.040 -0.087 -0.083 -0.300 -0.300 0.000 8.528
-0.040 -0.103 -0.076 -0.300 -0.300 0.000 8.560
-0.038 -0.113 -0.060 -0.300 -0.300 0.000 8.592
-0.035 -0.120 -0.081 -0.300 -0.300 0.000 8.627
-0.031 -0.123 -0.093 -0.300 -0.300 0.000 8.662
-0.027 -0.124 -0.085 -0.300 -0.300 0.000 8.693
-0.022 -0.125 -0.092 -0.300 -0.300 0.000 8.727
-0.018 -0.126 -0.094 -0.300 -0.300 0.000 8.759
-0.013 -0.121 -0.097 -0.300 -0.300 0.000 8.790
-0.009 -0.115 -0.103 -0.300 -0.300 0.000 8.819
-0.007 -0.094 -0.120 -0.300 -0.300 0.000 8.846
-0.007 -0.070 -0.109 -0.300 -0.300 0.000 8.880
-0.008 -0.047 -0.079 -0.300 -0.300 0.000 8.913
-0.009 -0.026 -0.067 -0.300 -0.300 0.000 8.946
-0.011 -0.003 -0.042 -0.300 -0.300 0.000 8.978
-0.011 0.019 -0.018 -0.300 -0.300 0.000 9.013
-0.012 0.037 -0.018 -0.300 -0.300 0.000 9.046
-0.011 0.049 -0.010 -0.300 -0.300 0.000 9.078
-0.011 0.055 -0.005 -0.300 -0.300 0.000 9.111
-0.011 0.058 0.009 -0.300 -0.300 0.000 9.146
-0.012 0.060 0.019 -0.300 -0.300 0.000 9.182
-0.012 0.061 0.021 -0.300 -0.300 0.000 9.214
-0.012 0.062 0.027 -0.300 -0.300 0.000 9.245
-0.013 0.063 0.023 -0.300 -0.300 0.000 9.278
-0.013 0.063 0.018 -0.300 -0.300 0.000 9.309
-0.013 0.063 0.021 -0.300 -0.300 0.000 9.343
-0.013 0.063 0.020 -0.300 -0.300 0.000 9.375
-0.013 0.063 0.018 -0.300 -0.300 0.000 9.408
-0.013 0.063 0.015 -0.300 -0.300 0.000 9.442
-0.009 0.062 0.022 -0.300 -0.300 0.000 9.477
-0.003 0.059 0.010 -0.300 -0.300 0.000 9.512
0.003 0.057 0.018 -0.300 -0.300 0.000 9.545
0.010 0.056 0.027 -0.300 -0.300 0.000 9.576
0.015 0.057 0.031 -0.300 -0.300 0.000 9.607
0.018 0.054 0.038 -0.300 -0.300 0.000 9.637
0.019 0.046 0.032 -0.300 -0.300 0.000 9.667
0.019 0.035 0.039 -0.300 -0.300 0.000 9.701
0.018 0.022 0.031 -0.300 -0.300 0.000 9.733
0.017 0.009 0.028 -0.300 -0.300 0.000 9.767
0.016 -0.004 0.029 -0.300 -0.300 0.000 9.799
0.015 -0.017 0.026 -0.300 -0.300 0.000 9.834
0.015 -0.029 0.027 -0.300 -0.300 0.000 9.865
0.015 -0.036 0.043 -0.300 -0.300 0.000 9.896
0.014 -0.045 0.033 -0.300 -0.300 0.000 9.929
0.014 -0.049 0.029 -0.300 -0.300 0.000 9.961
0.014 -0.052 0.028 -0.300 -0.300 0.000 9.995
0.314 -0.053 0.025 0.000 -0.300 0.000 10.032
0.315 -0.054 0.023 0.000 -0.300 0.000 10.063
0.316 -0.055 0.013 0.000 -0.300 0.000 10.097
0.317 -0.057 -0.014 0.000 -0.300 0.000 10.126
0.317 -0.058 -0.026 0.000 -0.300 0.000 10.161
0.314 -0.059 -0.045 0.000 -0.300 0.000 10.197
0.298 -0.059 -0.065 0.000 -0.300 0.000 10.229
0.259 -0.050 -0.046 0.000 -0.300 0.000 10.261
0.206 -0.038 -0.019 0.000 -0.300 0.000 10.296
0.145 -0.026 -0.017 0.000 -0.300 0.000 10.329
0.087 -0.015 -0.006 0.000 -0.300 0.000 10.364
0.040 -0.006 0.027 0.000 -0.300 0.000 10.393
0.010 0.001 0.012 0.000 -0.300 0.000 10.428
-0.005 0.010 0.018 0.000 -0.300 0.000 10.461
-0.011 0.021 0.020 0.000 -0.300 0.000 10.498
-0.012 0.032 0.027 0.000 -0.300 0.000 10.529
-0.009 0.042 0.022 0.000 -0.300 0.000 10.563
-0.002 0.046 0.023 0.000 -0.300 0.000 10.595
0.009 0.046 0.015 0.000 -0.300 0.000 10.630
0.019 0.046 0.019 0.000 -0.300 0.000 10.662
0.027 0.045 0.014 0.000 -0.300 0.000 10.704
0.034 0.044 0.037 0.000 -0.300 0.000 10.738
0.038 0.043 0.040 0.000 -0.300 0.000 10.770
0.040 0.042 0.032 0.000 -0.300 0.000 10.805
0.041 0.042 0.028 0.000 -0.300 0.000 10.837
0.041 0.042 0.039 0.000 -0.300 0.000 10.871
0.042 0.041 0.026 0.000 -0.300 0.000 10.903
0.042 0.042 0.043 0.000 -0.300 0.000 10.937
0.042 0.041 0.034 0.000 -0.300 0.000 10.969
0.042 0.041 0.034 0.000 -0.300 0.000 11.003
0.042 0.041 0.038 0.000 -0.300 0.000 11.036
0.042 0.041 0.036 0.000 -0.300 0.000 11.068
0.042 0.041 0.032 0.000 -0.300 0.000 11.101
0.042 0.041 0.037 0.000 -0.300 0.000 11.133
0.042 0.041 0.041 0.000 -0.300 0.000 11.175
0.041 0.040 0.044 0.000 -0.300 0.000 11.207
0.041 0.040 0.044 0.000 -0.300 0.000 11.242
0.041 0.040 0.045 0.000 -0.300 0.000 11.274
0.039 0.037 0.025 0.000 -0.300 0.000 11.306
0.037 0.029 0.022 0.000 -0.300 0.000 11.336
0.032 0.019 0.011 0.000 -0.300 0.000 11.365
0.025 0.008 0.007 0.000 -0.300 0.000 11.395
0.016 -0.003 -0.002 0.000 -0.300 0.000 11.427
0.006 -0.009 -0.005 0.000 -0.300 0.000 11.472
-0.003 -0.018 -0.012 0.000 -0.300 0.000 11.503
-0.008 -0.025 -0.019 0.000 -0.300 0.000 11.531
-0.013 -0.031 -0.002 0.000 -0.300 0.000 11.562
-0.015 -0.035 -0.008 0.000 -0.300 0.000 11.633
-0.017 -0.037 -0.004 0.000 -0.300 0.000 11.675
-0.017 -0.039 -0.007 0.000 -0.300 0.000 11.709
-0.018 -0.039 -0.010 0.000 -0.300 0.000 11.741
-0.018 -0.040 -0.010 0.000 -0.300 0.000 11.775
-0.018 -0.039 -0.005 0.000 -0.300 0.000 11.806
-0.018 -0.040 -0.005 0.000 -0.300 0.000 11.833
-0.018 -0.039 -0.003 0.000 -0.300 0.000 11.861
-0.018 -0.040 -0.008 0.000 -0.300 0.000 11.888
-0.018 -0.040 -0.010 0.000 -0.300 0.000 11.919
-0.017 -0.040 -0.009 0.000 -0.300 0.000 11.954
-0.017 -0.040 -0.009 0.000 -0.300 0.000 11.988
-0.017 -0.340 -0.006 0.000 0.000 0.000 12.020
-0.017 -0.339 -0.001 0.000 0.000 0.000 12.053
-0.015 -0.339 -0.008 0.000 0.000 0.000 12.084
-0.014 -0.338 -0.018 0.000 0.000 0.000 12.119
-0.012 -0.333 -0.013 0.000 0.000 0.000 12.152
-0.007 -0.316 -0.006 0.000 0.000 0.000 12.186
-0.001 -0.285 0.010 0.000 0.000 0.000 12.219
0.004 -0.240 0.007 0.000 0.000 0.000 12.253
0.009 -0.183 0.014 0.000 0.000 0.000 12.287
0.014 -0.125 0.020 0.000 0.000 0.000 12.321
0.018 -0.070 0.017 0.000 0.000 0.000 12.352
0.022 -0.024 0.025 0.000 0.000 0.000 12.387
0.024 0.012 0.026 0.000 0.000 0.000 12.419
0.026 0.034 0.003 0.000 0.000 0.000 12.446
0.027 0.047 0.001 0.000 0.000 0.000 12.476
0.028 0.054 0.007 0.000 0.000 0.000 12.507
0.028 0.057 0.014 0.000 0.000 0.000 12.539
0.028 0.059 0.026 0.000 0.000 0.000 12.572
0.028 0.060 0.023 0.000 0.000 0.000 12.604
0.028 0.060 0.020 0.000 0.000 0.000 12.637
0.028 0.061 0.020 0.000 0.000 0.000 12.673
0.028 0.061 0.019 0.000 0.000 0.000 12.706
0.028 0.061 0.021 0.000 0.000 0.000 12.739
0.028 0.059 0.002 0.000 0.000 0.000 12.782
0.027 0.057 0.007 0.000 0.000 0.000 12.817
0.024 0.051 0.000 0.000 0.000 0.000 12.858
0.020 0.045 0.016 0.000 0.000 0.000 12.907
0.014 0.037 0.010 0.000 0.000 0.000 12.942
0.005 0.027 0.000 0.000 0.000 0.000 12.988
-0.003 0.017 -0.008 0.000 0.000 0.000 13.024
-0.009 0.008 -0.008 0.000 0.000 0.000 13.058
-0.012 -0.005 -0.004 0.000 0.000 0.000 13.092
-0.014 -0.015 0.004 0.000 0.000 0.000 13.131
-0.017 -0.024 -0.001 0.000 0.000 0.000 13.164
-0.018 -0.034 -0.018 0.000 0.000 0.000 13.197
-0.019 -0.039 -0.026 0.000 0.000 0.000 13.228
-0.019 -0.041 -0.026 0.000 0.000 0.000 13.281
-0.020 -0.043 -0.029 0.000 0.000 0.000 13.337
-0.020 -0.044 -0.033 0.000 0.000 0.000 13.387
-0.020 -0.044 -0.028 0.000 0.000 0.000 13.431
-0.020 -0.044 -0.031 0.000 0.000 0.000 13.463
-0.020 -0.044 -0.035 0.000 0.000 0.000 13.498
-0.020 -0.044 -0.030 0.000 0.000 0.000 13.531
-0.020 -0.044 -0.037 0.000 0.000 0.000 13.563
-0.019 -0.045 -0.040 0.000 0.000 0.000 13.595
-0.019 -0.044 -0.033 0.000 0.000 0.000 13.629
-0.020 -0.044 -0.030 0.000 0.000 0.000 13.663
-0.020 -0.044 -0.031 0.000 0.000 0.000 13.694
-0.020 -0.044 -0.026 0.000 0.000 0.000 13.729
-0.020 -0.044 -0.026 0.000 0.000 0.000 13.762
-0.020 -0.044 -0.031 0.000 0.000 0.000 13.797
-0.020 -0.044 -0.035 0.000 0.000 0.000 13.829
-0.020 -0.044 -0.035 0.000 0.000 0.000 13.863
-0.020 -0.044 -0.032 0.000 0.000 0.000 13.895
-0.020 -0.044 -0.030 0.000 0.000 0.000 13.932
-0.020 -0.044 -0.034 0.000 0.000 0.000 13.964
-0.018 -0.041 0.001 0.000 0.000 0.000 13.996
-0.014 -0.034 0.014 0.000 0.000 0.000 14.035
-0.010 -0.022 0.022 0.000 0.000 0.000 14.067
-0.004 -0.009 -0.004 0.000 0.000 0.000 14.101
0.002 0.002 0.014 0.000 0.000 0.000 14.150
0.006 0.010 -0.001 0.000 0.000 0.000 14.181
0.010 0.013 0.000 0.000 0.000 0.000 14.215
0.012 0.016 0.007 0.000 0.000 0.000 14.255
0.014 0.017 0.000 0.000 0.000 0.000 14.290
0.014 0.017 -0.003 0.000 0.000 0.000 14.324
0.015 0.017 -0.005 0.000 0.000 0.000 14.355
0.015 0.017 -0.010 0.000 0.000 0.000 14.389
0.015 0.018 -0.005 0.000 0.000 0.000 14.420
0.015 0.018 -0.001 0.000 0.000 0.000 14.457
0.015 0.019 0.009 0.000 0.000 0.000 14.488
0.015 0.019 0.015 0.000 0.000 0.000 14.523
0.016 0.020 0.024 0.000 0.000 0.000 14.556
0.016 0.026 0.013 0.000 0.000 0.000 14.587
0.017 0.035 0.005 0.000 0.000 0.000 14.618
0.017 0.041 0.005 0.000 0.000 0.000 14.651
0.018 0.044 0.006 0.000 0.000 0.000 14.687
0.018 0.045 0.005 0.000 0.000 0.000 14.719
0.018 0.046 0.002 0.000 0.000 0.000 14.747
0.018 0.046 0.003 0.000 0.000 0.000 14.782
0.017 0.047 0.005 0.000 0.000 0.000 14.814
0.018 0.047 0.007 0.000 0.000 0.000 14.851
0.017 0.047 0.005 0.000 0.000 0.000 14.884
0.017 0.047 0.009 0.000 0.000 0.000 14.920
0.017 0.047 0.008 0.000 0.000 0.000 14.954
0.017 0.048 0.007 0.000 0.000 0.000 14.994
0.017 0.048 0.010 0.000 0.000 0.000 15.046
0.017 0.048 0.005 0.000 0.000 0.000 15.082
0.017 0.048 0.006 0.000 0.000 0.000 15.114
0.017 0.048 0.009 0.000 0.000 0.000 15.148
0.017 0.046 -0.002 0.000 0.000 0.000 15.184
0.017 0.044 -0.002 0.000 0.000 0.000 15.216
0.016 0.038 -0.003 0.000 0.000 0.000 15.250
0.013 0.030 0.006 0.000 0.000 0.000 15.281
0.011 0.025 -0.008 0.000 0.000 0.000 15.312
0.007 0.015 -0.006 0.000 0.000 0.000 15.345
0.003 0.007 -0.003 0.000 0.000 0.000 15.376
-0.002 -0.003 0.033 0.000 0.000 0.000 15.408
-0.007 -0.012 0.018 0.000 0.000 0.000 15.442
-0.010 -0.022 0.021 0.000 0.000 0.000 15.474
-0.013 -0.030 0.038 0.000 0.000 0.000 15.509
-0.016 -0.037 0.005 0.000 0.000 0.000 15.543
-0.018 -0.041 -0.011 0.000 0.000 0.000 15.576
-0.019 -0.043 -0.017 0.000 0.000 0.000 15.607
-0.020 -0.044 -0.017 0.000 0.000 0.000 15.643
-0.020 -0.045 -0.017 0.000 0.000 0.000 15.676
-0.020 -0.045 -0.017 0.000 0.000 0.000 15.711
-0.020 -0.045 -0.017 0.000 0.000 0.000 15.743
-0.020 -0.045 -0.017 0.000 0.000 0.000 15.775
-0.020 -0.045 -0.013 0.000 0.000 0.000 15.817
-0.020 -0.045 -0.015 0.000 0.000 0.000 15.852
-0.020 -0.045 -0.016 0.000 0.000 0.000 15.890
-0.020 -0.045 -0.015 0.000 0.000 0.000 15.942
-0.021 -0.045 -0.014 0.000 0.000 0.000 15.993
-0.021 -0.045 -0.014 0.000 0.000 0.000 16.038
-0.020 -0.045 -0.011 0.000 0.000 0.000 16.071
-0.020 -0.045 -0.017 0.000 0.000 0.000 16.103
-0.020 -0.046 -0.024 0.000 0.000 0.000 16.140
-0.020 -0.046 -0.022 0.000 0.000 0.000 16.173
-0.020 -0.046 -0.025 0.000 0.000 0.000 16.209
-0.020 -0.046 -0.019 0.000 0.000 0.000 16.246
-0.020 -0.046 -0.022 0.000 0.000 0.000 16.279
-0.020 -0.046 -0.027 0.000 0.000 0.000 16.314
-0.019 -0.041 -0.000 0.000 0.000 0.000 16.353
-0.018 -0.030 0.006 0.000 0.000 0.000 16.403
-0.015 -0.018 0.034 0.000 0.000 0.000 16.455
-0.013 -0.006 0.014 0.000 0.000 0.000 16.490
-0.011 0.003 0.021 0.000 0.000 0.000 16.526
-0.004 0.008 0.044 0.000 0.000 0.000 16.563
0.001 0.011 0.047 0.000 0.000 0.000 16.596
0.004 0.012 0.051 0.000 0.000 0.000 16.633
0.007 0.013 0.052 0.000 0.000 0.000 16.666
0.007 0.013 0.050 0.000 0.000 0.000 16.702
0.008 0.014 0.044 0.000 0.000 0.000 16.755
0.009 0.020 0.047 0.000 0.000 0.000 16.790
0.010 0.030 0.047 0.000 0.000 0.000 16.829
0.011 0.040 0.054 0.000 0.000 0.000 16.862
0.012 0.047 0.044 0.000 0.000 0.000 16.897
0.012 0.050 0.035 0.000 0.000 0.000 16.935
0.013 0.051 0.024 0.000 0.000 0.000 16.986
0.013 0.053 0.029 0.000 0.000 0.000 17.037
0.014 0.053 0.022 0.000 0.000 0.000 17.084
0.014 0.053 0.022 0.000 0.000 0.000 17.128
0.014 0.052 0.019 0.000 0.000 0.000 17.161
0.014 0.053 0.025 0.000 0.000 0.000 17.209
0.014 0.052 0.018 0.000 0.000 0.000 17.245
0.013 0.052 0.019 0.000 0.000 0.000 17.293
0.014 0.052 0.032 0.000 0.000 0.000 17.334
0.014 0.052 0.049 0.000 0.000 0.000 17.387
0.013 0.053 0.035 0.000 0.000 0.000 17.418
0.013 0.053 0.017 0.000 0.000 0.000 17.450
0.012 0.052 0.017 0.000 0.000 0.000 17.489
0.012 0.049 0.009 0.000 0.000 0.000 17.523
0.011 0.035 0.013 0.000 0.000 0.000 17.555
0.010 0.023 0.010 0.000 0.000 0.000 17.592
0.010 0.011 -0.004 0.000 0.000 0.000 17.631
0.009 -0.003 0.005 0.000 0.000 0.000 17.663
0.007 -0.016 0.016 0.000 0.000 0.000 17.697
0.006 -0.027 0.011 0.000 0.000 0.000 17.730
0.005 -0.036 -0.001 0.000 0.000 0.000 17.763
0.004 -0.044 -0.002 0.000 0.000 0.000 17.796
0.003 -0.051 -0.018 0.000 0.000 0.000 17.833
0.002 -0.054 -0.034 0.000 0.000 0.000 17.898
0.002 -0.056 -0.034 0.000 0.000 0.000 17.932
0.001 -0.057 -0.041 0.000 0.000 0.000 17.965
0.001 -0.057 -0.043 0.000 0.000 0.000 17.997
0.001 -0.057 -0.036 0.000 0.000 0.000 18.032
0.001 -0.057 -0.033 0.000 0.000 0.000 18.065
0.001 -0.057 -0.030 0.000 0.000 0.000 18.097
0.001 -0.057 -0.028 0.000 0.000 0.000 18.137
0.001 -0.057 -0.036 0.000 0.000 0.000 18.176
0.001 -0.057 -0.035 0.000 0.000 0.000 18.210
0.001 -0.057 -0.037 0.000 0.000 0.000 18.245
0.001 -0.057 -0.036 0.000 0.000 0.000 18.280
0.001 -0.057 -0.028 0.000 0.000 0.000 18.313
0.001 -0.057 -0.023 0.000 0.000 0.000 18.346
0.001 -0.057 -0.026 0.000 0.000 0.000 18.378
0.002 -0.055 -0.008 0.000 0.000 0.000 18.414
0.003 -0.047 0.005 0.000 0.000 0.000 18.450
0.003 -0.034 -0.006 0.000 0.000 0.000 18.481
0.004 -0.021 0.003 0.000 0.000 0.000 18.519
0.005 -0.008 -0.006 0.000 0.000 0.000 18.551
0.006 0.005 -0.012 0.000 0.000 0.000 18.586
0.007 0.014 -0.006 0.000 0.000 0.000 18.620
0.007 0.020 -0.012 0.000 0.000 0.000 18.657
0.007 0.023 -0.007 0.000 0.000 0.000 18.694
0.007 0.024 -0.013 0.000 0.000 0.000 18.730
0.007 0.028 -0.015 0.000 0.000 0.000 18.764
0.008 0.035 -0.007 0.000 0.000 0.000 18.802
0.008 0.042 0.002 0.000 0.000 0.000 18.837
0.008 0.049 -0.010 0.000 0.000 0.000 18.873
0.008 0.053 -0.016 0.000 0.000 0.000 18.908
0.008 0.055 -0.016 0.000 0.000 0.000 18.944
0.008 0.056 -0.015 0.000 0.000 0.000 18.979
0.008 0.056 -0.014 0.000 0.000 0.000 19.014
0.008 0.056 -0.020 0.000 0.000 0.000 19.047
0.008 0.056 -0.018 0.000 0.000 0.000 19.085
0.008 0.056 -0.015 0.000 0.000 0.000 19.119
0.008 0.056 -0.012 0.000 0.000 0.000 19.158
0.006 0.056 -0.002 0.000 0.000 0.000 19.199
0.003 0.056 -0.017 0.000 0.000 0.000 19.233
0.001 0.056 -0.021 0.000 0.000 0.000 19.266
-0.003 0.055 -0.011 0.000 0.000 0.000 19.297
-0.004 0.055 -0.005 0.000 0.000 0.000 19.333
-0.005 0.054 -0.008 0.000 0.000 0.000 19.365
-0.006 0.054 -0.001 0.000 0.000 0.000 19.398
-0.006 0.053 0.019 0.000 0.000 0.000 19.429
-0.006 0.052 0.034 0.000 0.000 0.000 19.468
-0.006 0.052 0.042 0.000 0.000 0.000 19.513
-0.007 0.050 0.030 0.000 0.000 0.000 19.552
-0.007 0.042 0.036 0.000 0.000 0.000 19.586
-0.009 0.030 0.013 0.000 0.000 0.000 19.641
-0.010 0.014 0.012 0.000 0.000 0.000 19.691
-0.011 -0.006 0.009 0.000 0.000 0.000 19.732
-0.012 -0.026 0.007 0.000 0.000 0.000 19.764
-0.013 -0.045 0.014 0.000 0.000 0.000 19.796
-0.014 -0.057 0.003 0.000 0.000 0.000 19.826
-0.014 -0.069 -0.005 0.000 0.000 0.000 19.866
-0.015 -0.075 -0.004 0.000 0.000 0.000 19.897
-0.015 -0.078 -0.003 0.000 0.000 0.000 19.930
-0.015 -0.080 -0.003 0.000 0.000 0.000 19.962
-0.015 -0.081 -0.005 0.000 0.000 0.000 19.993
