
-0.001 -0.024 0.057 -0.001 -0.024 0.057 19.216
-0.001 -0.024 0.057 -0.001 -0.024 0.057 19.224
-0.001 -0.024 0.057 -0.001 -0.024 0.057 19.234
-0.001 -0.024 0.057 -0.001 -0.024 0.057 19.243
-0.001 -0.024 0.058 -0.001 -0.024 0.057 19.254
-0.001 -0.024 0.058 -0.001 -0.024 0.057 19.264
-0.001 -0.024 0.057 -0.001 -0.024 0.057 19.273
-0.001 -0.024 0.057 -0.001 -0.024 0.057 19.284
-0.001 -0.024 0.057 -0.001 -0.024 0.057 19.293
-0.001 -0.024 0.058 -0.001 -0.024 0.057 19.303
-0.001 -0.023 0.058 -0.001 -0.024 0.057 19.313
-0.001 -0.023 0.058 -0.001 -0.024 0.057 19.323
-0.001 -0.024 0.058 -0.001 -0.024 0.057 19.334
-0.001 -0.024 0.058 -0.001 -0.024 0.057 19.343
-0.002 -0.024 0.058 -0.001 -0.024 0.057 19.354
-0.002 -0.023 0.058 -0.001 -0.024 0.057 19.363
-0.002 -0.024 0.058 -0.001 -0.024 0.057 19.373
-0.002 -0.024 0.058 -0.001 -0.024 0.057 19.383
-0.002 -0.024 0.058 -0.001 -0.024 0.057 19.393
-0.002 -0.024 0.058 -0.001 -0.024 0.057 19.403
-0.002 -0.024 0.058 -0.001 -0.024 0.057 19.413
-0.002 -0.024 0.058 -0.001 -0.024 0.057 19.423
-0.002 -0.024 0.058 -0.001 -0.024 0.057 19.433
-0.002 -0.024 0.058 -0.001 -0.024 0.057 19.443
-0.002 -0.024 0.058 -0.001 -0.024 0.057 19.453
-0.002 -0.024 0.058 -0.001 -0.024 0.057 19.463
-0.002 -0.024 0.058 -0.001 -0.024 0.057 19.473
-0.002 -0.024 0.058 -0.001 -0.024 0.057 19.483
-0.002 -0.023 0.059 -0.001 -0.024 0.057 19.493
-0.002 -0.023 0.059 -0.001 -0.024 0.057 19.503
-0.002 -0.023 0.059 -0.001 -0.024 0.057 19.513
-0.003 -0.023 0.059 -0.001 -0.024 0.057 19.523
-0.003 -0.023 0.059 -0.001 -0.024 0.057 19.533
-0.003 -0.023 0.059 -0.001 -0.024 0.057 19.543
-0.003 -0.023 0.059 -0.001 -0.024 0.057 19.553
-0.003 -0.023 0.059 -0.001 -0.024 0.057 19.563
-0.002 -0.023 0.059 -0.001 -0.024 0.057 19.573
-0.002 -0.023 0.059 -0.001 -0.024 0.057 19.583
-0.002 -0.023 0.059 -0.001 -0.024 0.057 19.593
-0.002 -0.023 0.059 -0.001 -0.024 0.057 19.603
-0.002 -0.023 0.059 -0.001 -0.024 0.057 19.613
-0.002 -0.023 0.059 -0.001 -0.024 0.057 19.623
-0.002 -0.023 0.059 -0.001 -0.024 0.057 19.633
-0.002 -0.023 0.059 -0.001 -0.024 0.057 19.643
-0.002 -0.023 0.059 -0.001 -0.024 0.057 19.653
-0.002 -0.023 0.059 -0.001 -0.024 0.057 19.663
-0.002 -0.023 0.059 -0.001 -0.024 0.057 19.673
-0.003 -0.023 0.059 -0.001 -0.024 0.057 19.683
-0.003 -0.023 0.059 -0.001 -0.024 0.057 19.693
-0.002 -0.024 0.060 -0.001 -0.024 0.057 19.703
-0.002 -0.024 0.059 -0.001 -0.024 0.057 19.713
-0.002 -0.024 0.059 -0.001 -0.024 0.057 19.725
-0.002 -0.024 0.059 -0.001 -0.024 0.057 19.732
-0.002 -0.024 0.059 -0.001 -0.024 0.057 19.742
-0.002 -0.024 0.060 -0.001 -0.024 0.057 19.756
-0.002 -0.024 0.060 -0.001 -0.024 0.057 19.766
-0.002 -0.024 0.059 -0.001 -0.024 0.057 19.776
-0.002 -0.024 0.059 -0.001 -0.024 0.057 19.786
-0.002 -0.024 0.059 -0.001 -0.024 0.057 19.793
-0.002 -0.024 0.060 -0.001 -0.024 0.057 19.802
-0.002 -0.024 0.060 -0.001 -0.024 0.057 19.812
-0.002 -0.024 0.060 -0.001 -0.024 0.057 19.822
-0.002 -0.024 0.060 -0.001 -0.024 0.057 19.832
-0.002 -0.024 0.059 -0.001 -0.024 0.057 19.842
-0.002 -0.024 0.059 -0.001 -0.024 0.057 19.852
-0.002 -0.024 0.060 -0.001 -0.024 0.057 19.862
-0.002 -0.024 0.060 -0.001 -0.024 0.057 19.872
-0.002 -0.024 0.060 -0.001 -0.024 0.057 19.882
-0.002 -0.024 0.059 -0.001 -0.024 0.057 19.892
-0.002 -0.024 0.059 -0.001 -0.024 0.057 19.902
-0.002 -0.024 0.060 -0.001 -0.024 0.057 19.912
-0.002 -0.024 0.060 -0.001 -0.024 0.057 19.922
-0.002 -0.024 0.060 -0.001 -0.024 0.057 19.932
-0.002 -0.024 0.059 -0.001 -0.024 0.057 19.942
-0.002 -0.024 0.059 -0.001 -0.024 0.057 19.952
-0.002 -0.024 0.060 -0.001 -0.024 0.057 19.962
-0.002 -0.024 0.061 -0.001 -0.024 0.057 19.972
-0.002 -0.024 0.060 -0.001 -0.024 0.057 19.982
-0.002 -0.024 0.060 -0.001 -0.024 0.057 19.992
-0.001 -0.024 0.060 -0.001 -0.024 0.057 20.002
-0.001 -0.024 0.060 -0.001 -0.024 0.057 20.012
-0.001 -0.024 0.060 -0.001 -0.024 0.057 20.022
-0.001 -0.024 0.060 -0.001 -0.024 0.057 20.032
-0.001 -0.024 0.060 -0.001 -0.024 0.057 20.042
-0.001 -0.024 0.060 -0.001 -0.024 0.057 20.052
-0.001 -0.024 0.060 -0.001 -0.024 0.057 20.062
-0.001 -0.024 0.060 -0.001 -0.024 0.057 20.072
-0.001 -0.024 0.060 -0.001 -0.024 0.057 20.082
-0.001 -0.024 0.060 -0.001 -0.024 0.057 20.092
-0.001 -0.024 0.060 -0.001 -0.024 0.057 20.102
-0.001 -0.024 0.060 -0.001 -0.024 0.057 20.112
-0.001 -0.024 0.060 -0.001 -0.024 0.057 20.122
-0.001 -0.024 0.060 -0.001 -0.024 0.057 20.132
-0.001 -0.024 0.061 -0.001 -0.024 0.057 20.142
-0.002 -0.024 0.061 -0.001 -0.024 0.057 20.152
-0.002 -0.024 0.061 -0.001 -0.024 0.057 20.162
-0.002 -0.024 0.061 -0.001 -0.024 0.057 20.172
-0.002 -0.024 0.061 -0.001 -0.024 0.057 20.182
-0.002 -0.024 0.061 -0.001 -0.024 0.057 20.192
-0.002 -0.024 0.061 -0.001 -0.024 0.057 20.202
-0.002 -0.024 0.061 -0.001 -0.024 0.057 20.212
-0.002 -0.024 0.061 -0.001 -0.024 0.057 20.222
-0.002 -0.024 0.061 -0.001 -0.024 0.057 20.232
-0.002 -0.024 0.061 -0.001 -0.024 0.057 20.242
-0.002 -0.024 0.061 -0.001 -0.024 0.057 20.252
-0.002 -0.024 0.060 -0.001 -0.024 0.057 20.262
-0.002 -0.024 0.060 -0.001 -0.024 0.057 20.272
-0.002 -0.024 0.061 -0.001 -0.024 0.057 20.282
-0.001 -0.024 0.061 -0.001 -0.024 0.057 20.292
-0.001 -0.024 0.061 -0.001 -0.024 0.057 20.302
-0.001 -0.024 0.060 -0.001 -0.024 0.057 20.312
-0.001 -0.024 0.060 -0.001 -0.024 0.057 20.322
-0.001 -0.024 0.060 -0.001 -0.024 0.057 20.332
-0.001 -0.024 0.061 -0.001 -0.024 0.057 20.342
-0.002 -0.024 0.061 -0.001 -0.024 0.057 20.352
-0.002 -0.024 0.061 -0.001 -0.024 0.057 20.362
-0.002 -0.024 0.061 -0.001 -0.024 0.057 20.372
-0.002 -0.024 0.061 -0.001 -0.024 0.057 20.382
-0.002 -0.024 0.061 -0.001 -0.024 0.057 20.392
-0.002 -0.024 0.061 -0.001 -0.024 0.057 20.402
-0.002 -0.024 0.060 -0.001 -0.024 0.057 20.412
-0.002 -0.024 0.060 -0.001 -0.024 0.057 20.422
-0.002 -0.024 0.061 -0.001 -0.024 0.057 20.432
-0.002 -0.024 0.061 -0.001 -0.024 0.057 20.442
-0.002 -0.024 0.061 -0.001 -0.024 0.057 20.452
-0.002 -0.024 0.061 -0.001 -0.024 0.057 20.462
-0.002 -0.024 0.061 -0.001 -0.024 0.057 20.472
-0.002 -0.024 0.061 -0.001 -0.024 0.057 20.482
-0.002 -0.024 0.061 -0.001 -0.024 0.057 20.492
-0.001 -0.024 0.061 -0.001 -0.024 0.057 20.502
-0.001 -0.024 0.061 -0.001 -0.024 0.057 20.512
-0.001 -0.024 0.061 -0.001 -0.024 0.057 20.522
-0.001 -0.024 0.061 -0.001 -0.024 0.057 20.532
-0.001 -0.024 0.061 -0.001 -0.024 0.057 20.542
-0.001 -0.024 0.061 -0.001 -0.024 0.057 20.553
-0.001 -0.024 0.061 -0.001 -0.024 0.057 20.563
-0.001 -0.024 0.061 -0.001 -0.024 0.057 20.572
-0.001 -0.024 0.061 -0.001 -0.024 0.057 20.582
-0.001 -0.024 0.061 -0.001 -0.024 0.057 20.592
-0.001 -0.024 0.061 -0.001 -0.024 0.057 20.602
-0.001 -0.024 0.061 -0.001 -0.024 0.057 20.612
-0.001 -0.024 0.061 -0.001 -0.024 0.057 20.622
-0.001 -0.024 0.061 -0.001 -0.024 0.057 20.632
-0.001 -0.024 0.061 -0.001 -0.024 0.057 20.642
-0.001 -0.024 0.061 -0.001 -0.024 0.057 20.652
-0.001 -0.024 0.061 -0.001 -0.024 0.057 20.662
-0.001 -0.024 0.061 -0.001 -0.024 0.057 20.672
-0.001 -0.024 0.061 -0.001 -0.024 0.057 20.682
-0.001 -0.024 0.061 -0.001 -0.024 0.057 20.692
-0.002 -0.024 0.061 -0.001 -0.024 0.057 20.702
-0.002 -0.024 0.061 -0.001 -0.024 0.057 20.712
-0.002 -0.024 0.061 -0.001 -0.024 0.057 20.722
-0.002 -0.024 0.061 -0.001 -0.024 0.057 20.732
-0.002 -0.024 0.061 -0.001 -0.024 0.057 20.742
-0.002 -0.024 0.061 -0.001 -0.024 0.057 20.752
-0.002 -0.024 0.061 -0.001 -0.024 0.057 20.762
-0.002 -0.024 0.061 -0.001 -0.024 0.057 20.772
-0.001 -0.024 0.061 -0.001 -0.024 0.057 20.782
-0.001 -0.024 0.061 -0.001 -0.024 0.057 20.792
-0.001 -0.024 0.061 -0.001 -0.024 0.057 20.802
-0.001 -0.024 0.061 -0.001 -0.024 0.057 20.812
-0.001 -0.024 0.061 -0.001 -0.024 0.057 20.822
-0.001 -0.024 0.061 -0.001 -0.024 0.057 20.832
-0.001 -0.024 0.061 -0.001 -0.024 0.057 20.842
-0.001 -0.024 0.061 -0.001 -0.024 0.057 20.852
-0.001 -0.024 0.061 -0.001 -0.024 0.057 20.862
-0.001 -0.024 0.061 -0.001 -0.024 0.057 20.872
-0.001 -0.024 0.061 -0.001 -0.024 0.057 20.882
-0.001 -0.024 0.061 -0.001 -0.024 0.057 20.892
-0.001 -0.024 0.061 -0.001 -0.024 0.057 20.902
-0.001 -0.024 0.061 -0.001 -0.024 0.057 20.912
-0.001 -0.024 0.061 -0.001 -0.024 0.057 20.922
-0.001 -0.024 0.061 -0.001 -0.024 0.057 20.933
-0.001 -0.024 0.061 -0.001 -0.024 0.057 20.942
-0.001 -0.024 0.061 -0.001 -0.024 0.057 20.953
-0.001 -0.024 0.061 -0.001 -0.024 0.057 20.963
-0.001 -0.024 0.061 -0.001 -0.024 0.057 20.973
-0.001 -0.024 0.061 -0.001 -0.024 0.057 20.983
-0.001 -0.024 0.061 -0.001 -0.024 0.057 20.993
-0.001 -0.024 0.061 -0.001 -0.024 0.057 21.003
-0.001 -0.024 0.061 -0.001 -0.024 0.057 21.013
-0.001 -0.024 0.061 -0.001 -0.024 0.057 21.023
-0.001 -0.024 0.061 -0.001 -0.024 0.057 21.033
-0.001 -0.024 0.061 -0.001 -0.024 0.057 21.042
-0.001 -0.024 0.061 -0.001 -0.024 0.057 21.053
-0.001 -0.024 0.061 -0.001 -0.024 0.057 21.063
-0.001 -0.024 0.062 -0.001 -0.024 0.057 21.073
-0.001 -0.024 0.061 -0.001 -0.024 0.057 21.084
-0.001 -0.024 0.061 -0.001 -0.024 0.057 21.094
-0.001 -0.024 0.061 -0.001 -0.024 0.057 21.104
-0.001 -0.024 0.061 -0.001 -0.024 0.057 21.114
-0.001 -0.024 0.061 -0.001 -0.024 0.057 21.124
-0.001 -0.024 0.061 -0.001 -0.024 0.057 21.134
-0.001 -0.024 0.061 -0.001 -0.024 0.057 21.143
-0.001 -0.024 0.061 -0.001 -0.024 0.057 21.154
-0.001 -0.024 0.061 -0.001 -0.024 0.057 21.164
-0.001 -0.024 0.061 -0.001 -0.024 0.057 21.174
-0.001 -0.024 0.061 -0.001 -0.024 0.057 21.185
-0.001 -0.024 0.061 -0.001 -0.024 0.057 21.193
-0.001 -0.024 0.061 -0.001 -0.024 0.057 21.204
-0.001 -0.024 0.061 -0.001 -0.024 0.057 21.214
-0.001 -0.024 0.061 -0.001 -0.024 0.057 21.224
-0.001 -0.024 0.061 -0.001 -0.024 0.057 21.234
-0.001 -0.024 0.061 -0.001 -0.024 0.057 21.243
-0.001 -0.024 0.061 -0.001 -0.024 0.057 21.254
-0.001 -0.024 0.061 -0.001 -0.024 0.057 21.264
-0.001 -0.024 0.061 -0.001 -0.024 0.057 21.274
-0.001 -0.024 0.061 -0.001 -0.024 0.057 21.284
-0.001 -0.024 0.061 -0.001 -0.024 0.057 21.294
-0.001 -0.024 0.061 -0.001 -0.024 0.057 21.304
-0.001 -0.024 0.061 -0.001 -0.024 0.057 21.314
-0.001 -0.024 0.061 -0.001 -0.024 0.057 21.324
-0.001 -0.024 0.061 -0.001 -0.024 0.057 21.334
-0.001 -0.024 0.061 -0.001 -0.024 0.057 21.343
-0.001 -0.024 0.061 -0.001 -0.024 0.057 21.354
-0.001 -0.024 0.061 -0.001 -0.024 0.057 21.364
-0.001 -0.024 0.061 -0.001 -0.024 0.057 21.374
-0.001 -0.024 0.061 -0.001 -0.024 0.057 21.384
-0.001 -0.024 0.061 -0.001 -0.024 0.057 21.394
-0.001 -0.024 0.061 -0.001 -0.024 0.057 21.404
-0.001 -0.024 0.061 -0.001 -0.024 0.057 21.414
-0.001 -0.024 0.061 -0.001 -0.024 0.057 21.425
-0.001 -0.024 0.061 -0.001 -0.024 0.057 21.434
-0.001 -0.024 0.061 -0.001 -0.024 0.057 21.443
-0.001 -0.024 0.061 -0.001 -0.024 0.057 21.454
-0.001 -0.024 0.061 -0.001 -0.024 0.057 21.464
-0.001 -0.024 0.061 -0.001 -0.024 0.057 21.473
-0.001 -0.024 0.061 -0.001 -0.024 0.057 21.484
-0.001 -0.024 0.061 -0.001 -0.024 0.057 21.494
-0.001 -0.024 0.061 -0.001 -0.024 0.057 21.504
-0.001 -0.024 0.061 -0.001 -0.024 0.057 21.514
-0.001 -0.024 0.061 -0.001 -0.024 0.057 21.524
-0.001 -0.024 0.061 -0.001 -0.024 0.057 21.534
-0.001 -0.024 0.061 -0.001 -0.024 0.057 21.544
-0.001 -0.024 0.061 -0.001 -0.024 0.057 21.553
-0.001 -0.024 0.061 -0.001 -0.024 0.057 21.564
-0.001 -0.024 0.061 -0.001 -0.024 0.057 21.574
-0.001 -0.024 0.061 -0.001 -0.024 0.057 21.584
-0.001 -0.024 0.061 -0.001 -0.024 0.057 21.594
-0.001 -0.024 0.061 -0.001 -0.024 0.057 21.604
-0.001 -0.024 0.061 -0.001 -0.024 0.057 21.614
-0.001 -0.024 0.061 -0.001 -0.024 0.057 21.624
-0.001 -0.024 0.061 -0.001 -0.024 0.057 21.634
-0.001 -0.024 0.061 -0.001 -0.024 0.057 21.644
-0.001 -0.024 0.061 -0.001 -0.024 0.057 21.653
-0.001 -0.024 0.061 -0.001 -0.024 0.057 21.664
-0.001 -0.024 0.061 -0.001 -0.024 0.057 21.674
-0.001 -0.024 0.061 -0.001 -0.024 0.057 21.684
-0.001 -0.024 0.061 -0.001 -0.024 0.057 21.694
-0.001 -0.024 0.061 -0.001 -0.024 0.057 21.704
-0.001 -0.024 0.061 -0.001 -0.024 0.057 21.714
-0.001 -0.024 0.061 -0.001 -0.024 0.057 21.724
-0.001 -0.024 0.061 -0.001 -0.024 0.057 21.734
-0.001 -0.024 0.061 -0.001 -0.024 0.057 21.744
-0.001 -0.024 0.061 -0.001 -0.024 0.057 21.753
-0.001 -0.024 0.061 -0.001 -0.024 0.057 21.764
-0.001 -0.024 0.061 -0.001 -0.024 0.057 21.774
-0.001 -0.024 0.061 -0.001 -0.024 0.057 21.784
-0.001 -0.024 0.061 -0.001 -0.024 0.057 21.794
-0.001 -0.024 0.061 -0.001 -0.024 0.057 21.804
-0.001 -0.024 0.061 -0.001 -0.024 0.057 21.814
-0.001 -0.024 0.061 -0.001 -0.024 0.057 21.824
-0.001 -0.024 0.061 -0.001 -0.024 0.057 21.834
-0.001 -0.024 0.061 -0.001 -0.024 0.057 21.844
-0.001 -0.024 0.061 -0.001 -0.024 0.057 21.853
-0.001 -0.024 0.061 -0.001 -0.024 0.057 21.864
-0.001 -0.024 0.061 -0.001 -0.024 0.057 21.874
-0.001 -0.024 0.061 -0.001 -0.024 0.057 21.884
-0.001 -0.024 0.061 -0.001 -0.024 0.057 21.894
-0.001 -0.024 0.061 -0.001 -0.024 0.057 21.904
-0.001 -0.024 0.061 -0.001 -0.024 0.057 21.914
-0.001 -0.024 0.061 -0.001 -0.024 0.057 21.924
-0.001 -0.024 0.061 -0.001 -0.024 0.057 21.934
-0.001 -0.024 0.061 -0.001 -0.024 0.057 21.944
-0.001 -0.024 0.061 -0.001 -0.024 0.057 21.953
-0.001 -0.024 0.061 -0.001 -0.024 0.057 21.964
-0.001 -0.024 0.061 -0.001 -0.024 0.057 21.974
-0.001 -0.024 0.061 -0.001 -0.024 0.057 21.984
-0.001 -0.024 0.061 -0.001 -0.024 0.057 21.994
-0.001 -0.024 0.061 -0.001 -0.024 0.057 22.004
-0.001 -0.024 0.061 -0.001 -0.024 0.057 22.014
-0.001 -0.024 0.061 -0.001 -0.024 0.057 22.024
-0.001 -0.024 0.061 -0.001 -0.024 0.057 22.034
-0.001 -0.024 0.061 -0.001 -0.024 0.057 22.044
-0.001 -0.024 0.061 -0.001 -0.024 0.057 22.053
-0.001 -0.024 0.061 -0.001 -0.024 0.057 22.063
-0.001 -0.024 0.061 -0.001 -0.024 0.057 22.073
-0.001 -0.024 0.061 -0.001 -0.024 0.057 22.083
-0.001 -0.024 0.061 -0.001 -0.024 0.057 22.093
-0.001 -0.024 0.061 -0.001 -0.024 0.057 22.103
-0.001 -0.024 0.061 -0.001 -0.024 0.057 22.113
-0.001 -0.024 0.061 -0.001 -0.024 0.057 22.123
-0.001 -0.024 0.061 -0.001 -0.024 0.057 22.133
-0.001 -0.024 0.061 -0.001 -0.024 0.057 22.143
-0.001 -0.024 0.061 -0.001 -0.024 0.057 22.152
-0.001 -0.024 0.061 -0.001 -0.024 0.057 22.164
-0.001 -0.024 0.061 -0.001 -0.024 0.057 22.173
-0.001 -0.024 0.061 -0.001 -0.024 0.057 22.183
-0.001 -0.024 0.061 -0.001 -0.024 0.057 22.193
-0.001 -0.024 0.061 -0.001 -0.024 0.057 22.203
-0.001 -0.024 0.061 -0.001 -0.024 0.057 22.213
-0.001 -0.024 0.061 -0.001 -0.024 0.057 22.223
-0.001 -0.024 0.061 -0.001 -0.024 0.057 22.233
-0.001 -0.024 0.061 -0.001 -0.024 0.057 22.243
-0.001 -0.024 0.061 -0.001 -0.024 0.057 22.253
-0.001 -0.024 0.061 -0.001 -0.024 0.057 22.264
-0.001 -0.024 0.061 -0.001 -0.024 0.057 22.273
-0.001 -0.024 0.061 -0.001 -0.024 0.057 22.284
-0.001 -0.024 0.061 -0.001 -0.024 0.057 22.294
-0.001 -0.024 0.061 -0.001 -0.024 0.057 22.304
-0.001 -0.024 0.061 -0.001 -0.024 0.057 22.314
-0.001 -0.024 0.061 -0.001 -0.024 0.057 22.324
-0.001 -0.024 0.061 -0.001 -0.024 0.057 22.334
-0.001 -0.024 0.061 -0.001 -0.024 0.057 22.344
-0.001 -0.024 0.061 -0.001 -0.024 0.057 22.353
-0.001 -0.024 0.061 -0.001 -0.024 0.057 22.364
-0.001 -0.024 0.061 -0.001 -0.024 0.057 22.374
-0.001 -0.024 0.061 -0.001 -0.024 0.057 22.384
-0.001 -0.024 0.061 -0.001 -0.024 0.057 22.394
-0.001 -0.024 0.061 -0.001 -0.024 0.057 22.403
-0.001 -0.024 0.061 -0.001 -0.024 0.057 22.414
-0.001 -0.024 0.061 -0.001 -0.024 0.057 22.423
-0.001 -0.024 0.061 -0.001 -0.024 0.057 22.434
-0.001 -0.024 0.061 -0.001 -0.024 0.057 22.443
-0.001 -0.024 0.061 -0.001 -0.024 0.057 22.454
-0.001 -0.024 0.061 -0.001 -0.024 0.057 22.463
-0.001 -0.024 0.061 -0.001 -0.024 0.057 22.474
-0.001 -0.024 0.061 -0.001 -0.024 0.057 22.483
-0.001 -0.024 0.061 -0.001 -0.024 0.057 22.494
-0.001 -0.024 0.061 -0.001 -0.024 0.057 22.503
-0.001 -0.024 0.061 -0.001 -0.024 0.057 22.514
-0.001 -0.024 0.061 -0.001 -0.024 0.057 22.523
-0.001 -0.024 0.061 -0.001 -0.024 0.057 22.534
-0.001 -0.024 0.061 -0.001 -0.024 0.057 22.543
-0.001 -0.024 0.061 -0.001 -0.024 0.057 22.554
-0.001 -0.024 0.061 -0.001 -0.024 0.057 22.563
-0.001 -0.024 0.061 -0.001 -0.024 0.057 22.574
-0.001 -0.024 0.061 -0.001 -0.024 0.057 22.583
-0.001 -0.024 0.061 -0.001 -0.024 0.057 22.594
-0.001 -0.024 0.061 -0.001 -0.024 0.057 22.603
-0.001 -0.024 0.061 -0.001 -0.024 0.057 22.614
-0.001 -0.024 0.061 -0.001 -0.024 0.057 22.623
-0.001 -0.024 0.061 -0.001 -0.024 0.057 22.634
-0.001 -0.024 0.061 -0.001 -0.024 0.057 22.643
-0.001 -0.024 0.061 -0.001 -0.024 0.057 22.653
-0.001 -0.024 0.061 -0.001 -0.024 0.057 22.663
-0.001 -0.024 0.061 -0.001 -0.024 0.057 22.673
-0.001 -0.024 0.061 -0.001 -0.024 0.057 22.683
-0.001 -0.024 0.061 -0.001 -0.024 0.057 22.693
-0.001 -0.024 0.061 -0.001 -0.024 0.057 22.703
-0.001 -0.024 0.061 -0.001 -0.024 0.057 22.713
-0.001 -0.024 0.061 -0.001 -0.024 0.057 22.723
-0.001 -0.024 0.061 -0.001 -0.024 0.057 22.733
-0.001 -0.024 0.061 -0.001 -0.024 0.057 22.743
-0.001 -0.024 0.061 -0.001 -0.024 0.057 22.753
-0.001 -0.024 0.061 -0.001 -0.024 0.057 22.763
-0.001 -0.024 0.061 -0.001 -0.024 0.057 22.774
-0.001 -0.024 0.061 -0.001 -0.024 0.057 22.783
-0.001 -0.024 0.061 -0.001 -0.024 0.057 22.794
-0.001 -0.024 0.061 -0.001 -0.024 0.057 22.803
-0.002 -0.024 0.061 -0.001 -0.024 0.057 22.814
-0.002 -0.024 0.061 -0.001 -0.024 0.057 22.823
-0.002 -0.024 0.061 -0.001 -0.024 0.057 22.834
-0.002 -0.024 0.061 -0.001 -0.024 0.057 22.843
-0.002 -0.024 0.061 -0.001 -0.024 0.057 22.853
-0.002 -0.024 0.061 -0.001 -0.024 0.057 22.864
-0.002 -0.024 0.061 -0.001 -0.024 0.057 22.874
-0.002 -0.024 0.061 -0.001 -0.024 0.057 22.884
-0.002 -0.024 0.061 -0.001 -0.024 0.057 22.893
-0.002 -0.024 0.061 -0.001 -0.024 0.057 22.904
-0.002 -0.024 0.061 -0.001 -0.024 0.057 22.914
-0.002 -0.024 0.061 -0.001 -0.024 0.057 22.924
-0.002 -0.024 0.061 -0.001 -0.024 0.057 22.933
-0.002 -0.024 0.061 -0.001 -0.024 0.057 22.943
-0.002 -0.024 0.061 -0.001 -0.024 0.057 22.953
-0.002 -0.024 0.061 -0.001 -0.024 0.057 22.964
-0.001 -0.024 0.061 -0.001 -0.024 0.057 22.973
-0.001 -0.024 0.061 -0.001 -0.024 0.057 22.984
-0.001 -0.024 0.061 -0.001 -0.024 0.057 22.994
-0.001 -0.024 0.061 -0.001 -0.024 0.057 23.004
-0.001 -0.024 0.061 -0.001 -0.024 0.057 23.014
-0.001 -0.025 0.061 -0.001 -0.024 0.057 23.024
-0.000 -0.025 0.061 -0.001 -0.024 0.057 23.034
-0.000 -0.025 0.061 -0.001 -0.024 0.057 23.044
-0.000 -0.025 0.061 -0.001 -0.024 0.057 23.054
-0.000 -0.025 0.061 -0.001 -0.024 0.057 23.064
0.000 -0.025 0.061 -0.001 -0.024 0.057 23.074
0.000 -0.025 0.061 -0.001 -0.024 0.057 23.084
0.000 -0.025 0.061 -0.001 -0.024 0.057 23.094
-0.000 -0.025 0.061 -0.001 -0.024 0.057 23.105
-0.000 -0.025 0.061 -0.001 -0.024 0.057 23.114
-0.000 -0.025 0.061 -0.001 -0.024 0.057 23.124
-0.000 -0.025 0.061 -0.001 -0.024 0.057 23.134
-0.000 -0.024 0.061 -0.001 -0.024 0.057 23.144
-0.000 -0.024 0.061 -0.001 -0.024 0.057 23.155
0.000 -0.024 0.061 -0.001 -0.024 0.057 23.164
0.000 -0.024 0.061 -0.001 -0.024 0.057 23.175
0.000 -0.024 0.061 -0.001 -0.024 0.057 23.184
0.000 -0.024 0.061 -0.001 -0.024 0.057 23.195
0.000 -0.025 0.060 -0.001 -0.024 0.057 23.204
0.000 -0.025 0.060 -0.001 -0.024 0.057 23.214
0.000 -0.025 0.060 -0.001 -0.024 0.057 23.225
0.000 -0.025 0.060 -0.001 -0.024 0.057 23.234
0.000 -0.025 0.060 -0.001 -0.024 0.057 23.244
0.001 -0.025 0.060 -0.001 -0.024 0.057 23.255
0.001 -0.025 0.060 -0.001 -0.024 0.057 23.264
0.001 -0.025 0.060 -0.001 -0.024 0.057 23.275
0.001 -0.025 0.060 -0.001 -0.024 0.057 23.284
0.000 -0.025 0.060 -0.001 -0.024 0.057 23.294
-0.000 -0.025 0.060 -0.001 -0.024 0.057 23.304
-0.000 -0.025 0.060 -0.001 -0.024 0.057 23.314
-0.000 -0.025 0.060 -0.001 -0.024 0.057 23.324
-0.000 -0.025 0.060 -0.001 -0.024 0.057 23.335
-0.001 -0.025 0.060 -0.001 -0.024 0.057 23.344
-0.001 -0.025 0.060 -0.001 -0.024 0.057 23.355
-0.001 -0.025 0.060 -0.001 -0.024 0.057 23.364
-0.001 -0.025 0.061 -0.001 -0.024 0.057 23.375
-0.001 -0.025 0.060 -0.001 -0.024 0.057 23.384
-0.001 -0.025 0.060 -0.001 -0.024 0.057 23.395
-0.001 -0.025 0.060 -0.001 -0.024 0.057 23.404
-0.001 -0.026 0.060 -0.001 -0.024 0.057 23.415
-0.001 -0.025 0.060 -0.001 -0.024 0.057 23.424
-0.001 -0.025 0.061 -0.001 -0.024 0.057 23.435
-0.001 -0.025 0.060 -0.001 -0.024 0.057 23.444
-0.001 -0.025 0.060 -0.001 -0.024 0.057 23.455
-0.001 -0.025 0.060 -0.001 -0.024 0.057 23.464
-0.001 -0.025 0.060 -0.001 -0.024 0.057 23.475
-0.001 -0.025 0.060 -0.001 -0.024 0.057 23.484
-0.001 -0.025 0.060 -0.001 -0.024 0.057 23.494
-0.001 -0.025 0.060 -0.001 -0.024 0.057 23.505
-0.001 -0.026 0.060 -0.001 -0.024 0.057 23.515
-0.001 -0.026 0.060 -0.001 -0.024 0.057 23.524
-0.001 -0.026 0.060 -0.001 -0.024 0.057 23.535
-0.001 -0.026 0.060 -0.001 -0.024 0.057 23.544
-0.001 -0.026 0.060 -0.001 -0.024 0.057 23.555
-0.001 -0.026 0.060 -0.001 -0.024 0.057 23.564
-0.001 -0.026 0.060 -0.001 -0.024 0.057 23.575
-0.001 -0.026 0.061 -0.001 -0.024 0.057 23.584
-0.001 -0.026 0.060 -0.001 -0.024 0.057 23.595
-0.001 -0.026 0.060 -0.001 -0.024 0.057 23.604
-0.001 -0.026 0.060 -0.001 -0.024 0.057 23.614
-0.001 -0.026 0.061 -0.001 -0.024 0.057 23.624
-0.000 -0.026 0.061 -0.001 -0.024 0.057 23.634
-0.000 -0.025 0.061 -0.001 -0.024 0.057 23.644
-0.000 -0.026 0.061 -0.001 -0.024 0.057 23.654
-0.000 -0.026 0.061 -0.001 -0.024 0.057 23.665
0.000 -0.026 0.061 -0.001 -0.024 0.057 23.674
0.000 -0.026 0.061 -0.001 -0.024 0.057 23.685
0.000 -0.026 0.061 -0.001 -0.024 0.057 23.694
0.000 -0.026 0.061 -0.001 -0.024 0.057 23.704
0.000 -0.026 0.061 -0.001 -0.024 0.057 23.715
0.000 -0.026 0.061 -0.001 -0.024 0.057 23.724
0.000 -0.026 0.061 -0.001 -0.024 0.057 23.735
0.000 -0.026 0.061 -0.001 -0.024 0.057 23.744
0.000 -0.026 0.061 -0.001 -0.024 0.057 23.755
0.000 -0.026 0.061 -0.001 -0.024 0.057 23.764
0.000 -0.026 0.061 -0.001 -0.024 0.057 23.775
0.000 -0.026 0.061 -0.001 -0.024 0.057 23.785
0.000 -0.026 0.061 -0.001 -0.024 0.057 23.795
0.000 -0.026 0.061 -0.001 -0.024 0.057 23.805
0.001 -0.026 0.061 -0.001 -0.024 0.057 23.815
0.000 -0.026 0.061 -0.001 -0.024 0.057 23.825
0.001 -0.026 0.061 -0.001 -0.024 0.057 23.835
0.001 -0.026 0.061 -0.001 -0.024 0.057 23.844
0.001 -0.026 0.060 -0.001 -0.024 0.057 23.855
0.000 -0.026 0.061 -0.001 -0.024 0.057 23.865
0.000 -0.026 0.061 -0.001 -0.024 0.057 23.875
0.000 -0.026 0.060 -0.001 -0.024 0.057 23.885
0.000 -0.026 0.061 -0.001 -0.024 0.057 23.895
0.000 -0.025 0.061 -0.001 -0.024 0.057 23.905
0.001 -0.026 0.061 -0.001 -0.024 0.057 23.915
0.001 -0.026 0.060 -0.001 -0.024 0.057 23.925
0.001 -0.026 0.060 -0.001 -0.024 0.057 23.935
0.000 -0.026 0.061 -0.001 -0.024 0.057 23.945
0.000 -0.025 0.061 -0.001 -0.024 0.057 23.955
0.000 -0.026 0.061 -0.001 -0.024 0.057 23.965
0.000 -0.026 0.061 -0.001 -0.024 0.057 23.975
0.000 -0.026 0.060 -0.001 -0.024 0.057 23.985
0.000 -0.026 0.061 -0.001 -0.024 0.057 23.995
0.000 -0.026 0.061 -0.001 -0.024 0.057 24.005
0.000 -0.026 0.061 -0.001 -0.024 0.057 24.015
0.000 -0.026 0.061 -0.001 -0.024 0.057 24.025
-0.000 -0.026 0.060 -0.001 -0.024 0.057 24.035
-0.000 -0.026 0.061 -0.001 -0.024 0.057 24.045
-0.000 -0.026 0.062 -0.001 -0.024 0.057 24.055
-0.000 -0.026 0.062 -0.001 -0.024 0.057 24.065
-0.000 -0.026 0.061 -0.001 -0.024 0.057 24.075
-0.000 -0.026 0.061 -0.001 -0.024 0.057 24.085
0.000 -0.026 0.062 -0.001 -0.024 0.057 24.095
0.000 -0.026 0.061 -0.001 -0.024 0.057 24.105
-0.000 -0.026 0.060 -0.001 -0.024 0.057 24.115
0.000 -0.025 0.060 -0.001 -0.024 0.057 24.125
0.000 -0.026 0.061 -0.001 -0.024 0.057 24.135
-0.000 -0.026 0.060 -0.001 -0.024 0.057 24.145
-0.000 -0.025 0.060 -0.001 -0.024 0.057 24.155
0.000 -0.025 0.060 -0.001 -0.024 0.057 24.165
0.000 -0.026 0.060 -0.001 -0.024 0.057 24.175
0.000 -0.025 0.059 -0.001 -0.024 0.057 24.185
0.000 -0.025 0.059 -0.001 -0.024 0.057 24.195
-0.000 -0.025 0.059 0.500 0.500 0.500 24.205
-0.000 -0.025 0.058 0.500 0.500 0.500 24.215
-0.001 -0.025 0.058 0.500 0.500 0.500 24.225
-0.001 -0.025 0.058 0.500 0.500 0.500 24.235
-0.001 -0.025 0.057 0.500 0.500 0.500 24.245
-0.000 -0.009 0.056 0.500 0.500 0.500 24.255
0.008 0.031 0.089 0.500 0.500 0.500 24.265
0.032 0.083 0.139 0.500 0.500 0.500 24.275
0.089 0.136 0.194 0.500 0.500 0.500 24.285
0.167 0.196 0.256 0.500 0.500 0.500 24.295
0.249 0.260 0.325 0.500 0.500 0.500 24.305
0.333 0.320 0.393 0.500 0.500 0.500 24.315
0.417 0.376 0.450 0.500 0.500 0.500 24.325
0.491 0.431 0.499 0.500 0.500 0.500 24.335
0.560 0.483 0.549 0.500 0.500 0.500 24.345
0.628 0.527 0.593 0.500 0.500 0.500 24.355
0.692 0.560 0.630 0.500 0.500 0.500 24.365
0.751 0.589 0.655 0.500 0.500 0.500 24.375
0.801 0.616 0.671 0.500 0.500 0.500 24.385
0.852 0.641 0.690 0.500 0.500 0.500 24.395
0.880 0.657 0.692 0.500 0.500 0.500 24.405
0.883 0.669 0.693 0.500 0.500 0.500 24.415
0.870 0.673 0.693 0.500 0.500 0.500 24.425
0.850 0.671 0.691 0.500 0.500 0.500 24.435
0.821 0.669 0.690 0.500 0.500 0.500 24.445
0.788 0.671 0.686 0.500 0.500 0.500 24.455
0.755 0.672 0.674 0.500 0.500 0.500 24.465
0.719 0.674 0.660 0.500 0.500 0.500 24.475
0.679 0.673 0.645 0.500 0.500 0.500 24.485
0.638 0.669 0.630 0.500 0.500 0.500 24.495
0.599 0.664 0.613 0.500 0.500 0.500 24.505
0.563 0.658 0.598 0.500 0.500 0.500 24.515
0.532 0.653 0.585 0.500 0.500 0.500 24.525
0.501 0.648 0.572 0.500 0.500 0.500 24.535
0.480 0.641 0.560 0.500 0.500 0.500 24.545
0.459 0.634 0.549 0.500 0.500 0.500 24.555
0.442 0.628 0.539 0.500 0.500 0.500 24.565
0.429 0.620 0.530 0.500 0.500 0.500 24.575
0.427 0.612 0.524 0.500 0.500 0.500 24.585
0.424 0.605 0.519 0.500 0.500 0.500 24.595
0.424 0.598 0.516 0.500 0.500 0.500 24.605
0.424 0.590 0.514 0.500 0.500 0.500 24.615
0.424 0.582 0.513 0.500 0.500 0.500 24.625
0.423 0.574 0.512 0.500 0.500 0.500 24.635
0.423 0.567 0.512 0.500 0.500 0.500 24.645
0.423 0.561 0.512 0.500 0.500 0.500 24.655
0.423 0.556 0.512 0.500 0.500 0.500 24.665
0.424 0.550 0.511 0.500 0.500 0.500 24.675
0.425 0.547 0.511 0.500 0.500 0.500 24.685
0.426 0.542 0.511 0.500 0.500 0.500 24.695
0.428 0.540 0.511 0.500 0.500 0.500 24.705
0.431 0.538 0.511 0.500 0.500 0.500 24.715
0.435 0.535 0.511 0.500 0.500 0.500 24.725
0.439 0.532 0.511 0.500 0.500 0.500 24.735
0.444 0.529 0.511 0.500 0.500 0.500 24.745
0.449 0.529 0.510 0.500 0.500 0.500 24.755
0.454 0.529 0.510 0.500 0.500 0.500 24.765
0.460 0.529 0.510 0.500 0.500 0.500 24.775
0.467 0.529 0.511 0.500 0.500 0.500 24.785
0.472 0.529 0.511 0.500 0.500 0.500 24.795
0.477 0.529 0.511 0.500 0.500 0.500 24.805
0.482 0.528 0.510 0.500 0.500 0.500 24.815
0.487 0.528 0.510 0.500 0.500 0.500 24.825
0.492 0.528 0.510 0.500 0.500 0.500 24.835
0.496 0.528 0.511 0.500 0.500 0.500 24.845
0.500 0.528 0.511 0.500 0.500 0.500 24.855
0.503 0.528 0.511 0.500 0.500 0.500 24.865
0.504 0.528 0.510 0.500 0.500 0.500 24.875
0.505 0.528 0.510 0.500 0.500 0.500 24.885
0.506 0.528 0.510 0.500 0.500 0.500 24.895
0.507 0.526 0.510 0.500 0.500 0.500 24.905
0.508 0.525 0.510 0.500 0.500 0.500 24.915
0.508 0.521 0.510 0.500 0.500 0.500 24.925
0.508 0.519 0.510 0.500 0.500 0.500 24.935
0.508 0.517 0.510 0.500 0.500 0.500 24.945
0.508 0.516 0.510 0.500 0.500 0.500 24.955
0.508 0.514 0.510 0.500 0.500 0.500 24.965
0.508 0.514 0.510 0.500 0.500 0.500 24.974
0.508 0.512 0.510 0.500 0.500 0.500 24.985
0.508 0.512 0.510 0.500 0.500 0.500 24.995
0.508 0.512 0.510 0.500 0.500 0.500 25.005
0.508 0.512 0.510 0.500 0.500 0.500 25.015
0.508 0.511 0.510 0.500 0.500 0.500 25.025
0.508 0.511 0.510 0.500 0.500 0.500 25.035
0.508 0.511 0.510 0.500 0.500 0.500 25.045
0.508 0.511 0.510 0.500 0.500 0.500 25.055
0.508 0.511 0.510 0.500 0.500 0.500 25.065
0.508 0.511 0.510 0.500 0.500 0.500 25.075
0.508 0.511 0.509 0.500 0.500 0.500 25.085
0.508 0.511 0.509 0.500 0.500 0.500 25.095
0.508 0.511 0.509 0.500 0.500 0.500 25.105
0.509 0.511 0.510 0.500 0.500 0.500 25.115
0.509 0.511 0.509 0.500 0.500 0.500 25.125
0.509 0.510 0.509 0.500 0.500 0.500 25.135
0.509 0.510 0.509 0.500 0.500 0.500 25.145
0.509 0.510 0.509 0.500 0.500 0.500 25.155
0.509 0.510 0.509 0.500 0.500 0.500 25.165
0.508 0.510 0.509 0.500 0.500 0.500 25.175
0.508 0.510 0.509 0.500 0.500 0.500 25.185
0.509 0.510 0.508 0.500 0.500 0.500 25.195
0.509 0.510 0.508 0.500 0.500 0.500 25.205
0.509 0.510 0.507 0.500 0.500 0.500 25.215
0.509 0.510 0.507 0.500 0.500 0.500 25.225
0.509 0.510 0.505 0.500 0.500 0.500 25.235
0.509 0.510 0.504 0.500 0.500 0.500 25.245
0.509 0.510 0.503 0.500 0.500 0.500 25.255
0.509 0.510 0.502 0.500 0.500 0.500 25.265
0.509 0.510 0.501 0.500 0.500 0.500 25.275
0.508 0.510 0.500 0.500 0.500 0.500 25.285
0.508 0.510 0.499 0.500 0.500 0.500 25.295
0.508 0.510 0.499 0.500 0.500 0.500 25.305
0.509 0.509 0.498 0.500 0.500 0.500 25.315
0.509 0.509 0.498 0.500 0.500 0.500 25.325
0.509 0.509 0.497 0.500 0.500 0.500 25.335
0.508 0.509 0.496 0.500 0.500 0.500 25.345
0.508 0.509 0.496 0.500 0.500 0.500 25.355
0.508 0.509 0.496 0.500 0.500 0.500 25.365
0.508 0.509 0.496 0.500 0.500 0.500 25.375
0.508 0.509 0.496 0.500 0.500 0.500 25.385
0.508 0.509 0.496 0.500 0.500 0.500 25.395
0.508 0.509 0.496 0.500 0.500 0.500 25.405
0.508 0.509 0.496 0.500 0.500 0.500 25.415
0.508 0.509 0.496 0.500 0.500 0.500 25.425
0.508 0.509 0.496 0.500 0.500 0.500 25.435
0.508 0.509 0.496 0.500 0.500 0.500 25.445
0.508 0.509 0.496 0.500 0.500 0.500 25.455
0.508 0.508 0.496 0.500 0.500 0.500 25.465
0.508 0.507 0.496 0.500 0.500 0.500 25.475
0.508 0.505 0.496 0.500 0.500 0.500 25.485
0.508 0.502 0.496 0.500 0.500 0.500 25.495
0.508 0.501 0.496 0.500 0.500 0.500 25.505
0.508 0.499 0.496 0.500 0.500 0.500 25.515
0.508 0.497 0.496 0.500 0.500 0.500 25.525
0.508 0.494 0.496 0.500 0.500 0.500 25.535
0.508 0.492 0.496 0.500 0.500 0.500 25.545
0.508 0.490 0.496 0.500 0.500 0.500 25.555
0.508 0.490 0.496 0.500 0.500 0.500 25.565
0.508 0.490 0.496 0.500 0.500 0.500 25.575
0.508 0.490 0.496 0.500 0.500 0.500 25.585
0.508 0.490 0.496 0.500 0.500 0.500 25.595
0.508 0.490 0.496 0.500 0.500 0.500 25.605
0.508 0.490 0.496 0.500 0.500 0.500 25.615
0.508 0.490 0.496 0.500 0.500 0.500 25.625
0.508 0.490 0.496 0.500 0.500 0.500 25.635
0.508 0.490 0.495 0.500 0.500 0.500 25.645
0.508 0.490 0.495 0.500 0.500 0.500 25.655
0.508 0.490 0.495 0.500 0.500 0.500 25.665
0.508 0.490 0.496 0.500 0.500 0.500 25.675
0.508 0.490 0.496 0.500 0.500 0.500 25.685
0.508 0.490 0.496 0.500 0.500 0.500 25.695
0.508 0.490 0.496 0.500 0.500 0.500 25.705
0.508 0.490 0.496 0.500 0.500 0.500 25.715
0.508 0.490 0.496 0.500 0.500 0.500 25.725
0.508 0.490 0.496 0.500 0.500 0.500 25.735
0.508 0.490 0.495 0.500 0.500 0.500 25.745
0.508 0.490 0.495 0.500 0.500 0.500 25.755
0.508 0.490 0.495 0.500 0.500 0.500 25.765
0.508 0.490 0.495 0.500 0.500 0.500 25.775
0.508 0.489 0.495 0.500 0.500 0.500 25.785
0.508 0.489 0.495 0.500 0.500 0.500 25.795
0.508 0.489 0.495 0.500 0.500 0.500 25.805
0.508 0.489 0.495 0.500 0.500 0.500 25.815
0.508 0.489 0.495 0.500 0.500 0.500 25.825
0.508 0.489 0.495 0.500 0.500 0.500 25.835
0.508 0.489 0.495 0.500 0.500 0.500 25.845
0.508 0.489 0.495 0.500 0.500 0.500 25.855
0.508 0.489 0.495 0.500 0.500 0.500 25.865
0.508 0.489 0.495 0.500 0.500 0.500 25.875
0.508 0.489 0.495 0.500 0.500 0.500 25.885
0.508 0.489 0.495 0.500 0.500 0.500 25.895
0.508 0.489 0.495 0.500 0.500 0.500 25.905
0.508 0.489 0.495 0.500 0.500 0.500 25.915
0.508 0.489 0.495 0.500 0.500 0.500 25.925
0.508 0.489 0.495 0.500 0.500 0.500 25.935
0.508 0.489 0.495 0.500 0.500 0.500 25.945
0.508 0.489 0.495 0.500 0.500 0.500 25.955
0.508 0.489 0.495 0.500 0.500 0.500 25.965
0.508 0.489 0.495 0.500 0.500 0.500 25.975
0.508 0.489 0.495 0.500 0.500 0.500 25.985
0.508 0.489 0.495 0.500 0.500 0.500 25.995
0.508 0.489 0.495 0.500 0.500 0.500 26.005
0.508 0.489 0.495 0.500 0.500 0.500 26.015
0.508 0.489 0.495 0.500 0.500 0.500 26.025
0.508 0.489 0.495 0.500 0.500 0.500 26.035
0.508 0.489 0.495 0.500 0.500 0.500 26.045
0.508 0.489 0.495 0.500 0.500 0.500 26.055
0.508 0.489 0.495 0.500 0.500 0.500 26.065
0.508 0.489 0.495 0.500 0.500 0.500 26.075
0.508 0.489 0.495 0.500 0.500 0.500 26.085
0.508 0.489 0.495 0.500 0.500 0.500 26.095
0.508 0.489 0.495 0.500 0.500 0.500 26.105
0.508 0.489 0.495 0.500 0.500 0.500 26.115
0.508 0.489 0.495 0.500 0.500 0.500 26.125
0.508 0.489 0.495 0.500 0.500 0.500 26.135
0.508 0.489 0.495 0.500 0.500 0.500 26.145
0.508 0.489 0.495 0.500 0.500 0.500 26.155
0.508 0.489 0.495 0.500 0.500 0.500 26.165
0.508 0.489 0.495 0.500 0.500 0.500 26.175
0.508 0.489 0.495 0.500 0.500 0.500 26.185
0.508 0.489 0.495 0.500 0.500 0.500 26.195
0.508 0.489 0.495 0.500 0.500 0.500 26.205
0.507 0.489 0.495 0.500 0.500 0.500 26.215
0.507 0.489 0.495 0.500 0.500 0.500 26.225
0.507 0.489 0.495 0.500 0.500 0.500 26.235
0.507 0.489 0.495 0.500 0.500 0.500 26.245
0.507 0.489 0.495 0.500 0.500 0.500 26.255
0.507 0.489 0.495 0.500 0.500 0.500 26.265
0.507 0.488 0.495 0.500 0.500 0.500 26.275
0.507 0.488 0.495 0.500 0.500 0.500 26.285
0.507 0.488 0.495 0.500 0.500 0.500 26.295
0.507 0.488 0.495 0.500 0.500 0.500 26.305
0.507 0.488 0.495 0.500 0.500 0.500 26.315
0.507 0.488 0.495 0.500 0.500 0.500 26.325
0.507 0.488 0.495 0.500 0.500 0.500 26.335
0.507 0.488 0.495 0.500 0.500 0.500 26.345
0.507 0.488 0.495 0.500 0.500 0.500 26.355
0.507 0.488 0.495 0.500 0.500 0.500 26.365
0.508 0.488 0.495 0.500 0.500 0.500 26.375
0.508 0.488 0.495 0.500 0.500 0.500 26.385
0.507 0.488 0.495 0.500 0.500 0.500 26.395
0.507 0.488 0.494 0.500 0.500 0.500 26.405
0.507 0.488 0.494 0.500 0.500 0.500 26.415
0.507 0.488 0.495 0.500 0.500 0.500 26.425
0.507 0.488 0.495 0.500 0.500 0.500 26.435
0.507 0.488 0.495 0.500 0.500 0.500 26.445
0.507 0.488 0.495 0.500 0.500 0.500 26.454
0.507 0.488 0.495 0.500 0.500 0.500 26.465
0.507 0.488 0.495 0.500 0.500 0.500 26.475
0.507 0.488 0.495 0.500 0.500 0.500 26.485
0.507 0.488 0.495 0.500 0.500 0.500 26.495
0.507 0.488 0.495 0.500 0.500 0.500 26.505
0.507 0.488 0.495 0.500 0.500 0.500 26.514
0.507 0.488 0.495 0.500 0.500 0.500 26.525
0.507 0.488 0.495 0.500 0.500 0.500 26.535
0.507 0.488 0.495 0.500 0.500 0.500 26.545
0.507 0.488 0.495 0.500 0.500 0.500 26.555
0.507 0.488 0.495 0.500 0.500 0.500 26.565
0.507 0.488 0.494 0.500 0.500 0.500 26.575
0.507 0.488 0.494 0.500 0.500 0.500 26.585
0.507 0.488 0.495 0.500 0.500 0.500 26.595
0.507 0.488 0.495 0.500 0.500 0.500 26.605
0.507 0.488 0.494 0.500 0.500 0.500 26.615
0.507 0.488 0.494 0.500 0.500 0.500 26.625
0.507 0.488 0.494 0.500 0.500 0.500 26.633
0.507 0.488 0.495 0.500 0.500 0.500 26.643
0.507 0.488 0.495 0.500 0.500 0.500 26.652
0.507 0.488 0.494 0.500 0.500 0.500 26.663
0.507 0.488 0.494 0.500 0.500 0.500 26.673
0.507 0.488 0.494 0.500 0.500 0.500 26.683
0.507 0.488 0.495 0.500 0.500 0.500 26.693
0.507 0.488 0.495 0.500 0.500 0.500 26.703
0.507 0.488 0.494 0.500 0.500 0.500 26.713
0.507 0.488 0.494 0.500 0.500 0.500 26.723
0.507 0.488 0.494 0.500 0.500 0.500 26.733
0.507 0.488 0.494 0.500 0.500 0.500 26.743
0.507 0.488 0.494 0.500 0.500 0.500 26.752
0.507 0.488 0.494 0.500 0.500 0.500 26.763
0.507 0.488 0.494 0.500 0.500 0.500 26.773
0.507 0.488 0.494 0.500 0.500 0.500 26.783
0.507 0.488 0.494 0.500 0.500 0.500 26.793
0.507 0.488 0.494 0.500 0.500 0.500 26.803
0.507 0.488 0.494 0.500 0.500 0.500 26.813
0.507 0.488 0.494 0.500 0.500 0.500 26.823
0.507 0.488 0.494 0.500 0.500 0.500 26.833
0.507 0.488 0.494 0.500 0.500 0.500 26.843
0.507 0.488 0.494 0.500 0.500 0.500 26.852
0.507 0.488 0.494 0.500 0.500 0.500 26.863
0.507 0.488 0.494 0.500 0.500 0.500 26.873
0.507 0.488 0.494 0.500 0.500 0.500 26.883
0.507 0.488 0.494 0.500 0.500 0.500 26.893
0.507 0.488 0.494 0.500 0.500 0.500 26.903
0.507 0.488 0.494 0.500 0.500 0.500 26.913
0.507 0.488 0.494 0.500 0.500 0.500 26.923
0.507 0.488 0.494 0.500 0.500 0.500 26.933
0.507 0.488 0.494 0.500 0.500 0.500 26.943
0.507 0.488 0.494 0.500 0.500 0.500 26.952
0.507 0.488 0.494 0.500 0.500 0.500 26.963
0.506 0.488 0.494 0.500 0.500 0.500 26.973
0.506 0.488 0.494 0.500 0.500 0.500 26.982
0.506 0.488 0.494 0.500 0.500 0.500 26.992
0.507 0.488 0.494 0.500 0.500 0.500 27.002
0.507 0.488 0.494 0.500 0.500 0.500 27.012
0.506 0.488 0.494 0.500 0.500 0.500 27.022
0.506 0.488 0.494 0.500 0.500 0.500 27.032
0.506 0.488 0.494 0.500 0.500 0.500 27.042
0.506 0.488 0.494 0.500 0.500 0.500 27.052
0.506 0.488 0.494 0.500 0.500 0.500 27.062
0.506 0.488 0.494 0.500 0.500 0.500 27.072
0.505 0.488 0.494 0.500 0.500 0.500 27.082
0.505 0.488 0.494 0.500 0.500 0.500 27.092
0.505 0.488 0.494 0.500 0.500 0.500 27.102
0.505 0.488 0.495 0.500 0.500 0.500 27.112
0.505 0.488 0.494 0.500 0.500 0.500 27.122
0.505 0.488 0.494 0.500 0.500 0.500 27.132
0.505 0.488 0.494 0.500 0.500 0.500 27.143
0.505 0.488 0.495 0.500 0.500 0.500 27.152
0.505 0.488 0.495 0.500 0.500 0.500 27.162
0.504 0.488 0.495 0.500 0.500 0.500 27.172
0.504 0.488 0.494 0.500 0.500 0.500 27.182
0.504 0.488 0.494 0.500 0.500 0.500 27.192
0.504 0.488 0.495 0.500 0.500 0.500 27.202
0.504 0.488 0.495 0.500 0.500 0.500 27.212
0.504 0.488 0.495 0.500 0.500 0.500 27.222
0.504 0.488 0.494 0.500 0.500 0.500 27.232
0.504 0.489 0.494 0.500 0.500 0.500 27.242
0.504 0.490 0.494 0.500 0.500 0.500 27.252
0.504 0.492 0.495 0.500 0.500 0.500 27.262
0.504 0.493 0.495 0.500 0.500 0.500 27.272
0.504 0.494 0.495 0.500 0.500 0.500 27.282
0.504 0.495 0.494 0.500 0.500 0.500 27.292
0.504 0.495 0.495 0.500 0.500 0.500 27.302
0.504 0.495 0.495 0.500 0.500 0.500 27.312
0.504 0.495 0.495 0.500 0.500 0.500 27.322
0.504 0.495 0.494 0.500 0.500 0.500 27.332
0.504 0.495 0.494 0.500 0.500 0.500 27.342
0.504 0.495 0.494 0.500 0.500 0.500 27.352
0.504 0.495 0.495 0.500 0.500 0.500 27.362
0.504 0.495 0.495 0.500 0.500 0.500 27.372
0.504 0.495 0.495 0.500 0.500 0.500 27.382
0.504 0.495 0.495 0.500 0.500 0.500 27.392
0.504 0.495 0.495 0.500 0.500 0.500 27.402
0.504 0.495 0.495 0.500 0.500 0.500 27.412
0.504 0.495 0.495 0.500 0.500 0.500 27.422
0.504 0.495 0.494 0.500 0.500 0.500 27.432
0.504 0.495 0.494 0.500 0.500 0.500 27.442
0.504 0.495 0.494 0.500 0.500 0.500 27.452
0.504 0.495 0.495 0.500 0.500 0.500 27.464
0.504 0.495 0.495 0.500 0.500 0.500 27.472
0.504 0.495 0.495 0.500 0.500 0.500 27.482
0.504 0.495 0.495 0.500 0.500 0.500 27.492
0.504 0.495 0.495 0.500 0.500 0.500 27.502
0.504 0.495 0.495 0.500 0.500 0.500 27.512
0.504 0.495 0.495 0.500 0.500 0.500 27.522
0.504 0.495 0.495 0.500 0.500 0.500 27.532
0.504 0.495 0.494 0.500 0.500 0.500 27.542
0.504 0.495 0.494 0.500 0.500 0.500 27.552
0.504 0.495 0.494 0.500 0.500 0.500 27.562
0.503 0.495 0.494 0.500 0.500 0.500 27.572
0.503 0.495 0.494 0.500 0.500 0.500 27.582
0.504 0.495 0.495 0.500 0.500 0.500 27.592
0.504 0.495 0.495 0.500 0.500 0.500 27.602
0.504 0.495 0.495 0.500 0.500 0.500 27.612
0.504 0.495 0.495 0.500 0.500 0.500 27.622
0.504 0.495 0.495 0.500 0.500 0.500 27.632
0.504 0.495 0.495 0.500 0.500 0.500 27.642
0.504 0.495 0.495 0.500 0.500 0.500 27.652
0.504 0.495 0.495 0.500 0.500 0.500 27.662
0.504 0.495 0.495 0.500 0.500 0.500 27.672
0.504 0.495 0.495 0.500 0.500 0.500 27.684
0.504 0.495 0.495 0.500 0.500 0.500 27.692
0.504 0.495 0.495 0.500 0.500 0.500 27.702
0.504 0.495 0.495 0.500 0.500 0.500 27.712
0.504 0.495 0.495 0.500 0.500 0.500 27.722
0.504 0.495 0.495 0.500 0.500 0.500 27.732
0.504 0.495 0.495 0.500 0.500 0.500 27.742
0.504 0.495 0.495 0.500 0.500 0.500 27.752
0.504 0.495 0.495 0.500 0.500 0.500 27.764
0.504 0.495 0.494 0.500 0.500 0.500 27.772
0.504 0.495 0.494 0.500 0.500 0.500 27.782
0.504 0.495 0.494 0.500 0.500 0.500 27.792
0.504 0.495 0.494 0.500 0.500 0.500 27.804
0.504 0.495 0.494 0.500 0.500 0.500 27.812
0.504 0.495 0.494 0.500 0.500 0.500 27.823
0.504 0.495 0.494 0.500 0.500 0.500 27.832
0.504 0.495 0.494 0.500 0.500 0.500 27.843
0.504 0.495 0.494 0.500 0.500 0.500 27.853
0.504 0.495 0.494 0.500 0.500 0.500 27.863
0.504 0.495 0.494 0.500 0.500 0.500 27.873
0.504 0.495 0.494 0.500 0.500 0.500 27.883
0.504 0.495 0.494 0.500 0.500 0.500 27.893
0.503 0.494 0.494 0.500 0.500 0.500 27.903
0.503 0.494 0.494 0.500 0.500 0.500 27.913
0.503 0.494 0.494 0.500 0.500 0.500 27.923
0.504 0.494 0.494 0.500 0.500 0.500 27.932
0.504 0.494 0.494 0.500 0.500 0.500 27.943
0.504 0.494 0.494 0.500 0.500 0.500 27.953
0.503 0.494 0.494 0.500 0.500 0.500 27.963
0.503 0.494 0.494 0.500 0.500 0.500 27.973
0.503 0.494 0.494 0.500 0.500 0.500 27.983
0.503 0.494 0.494 0.500 0.500 0.500 27.993
0.503 0.494 0.494 0.500 0.500 0.500 28.006
0.503 0.494 0.494 0.500 0.500 0.500 28.017
0.503 0.494 0.494 0.500 0.500 0.500 28.028
0.503 0.494 0.494 0.500 0.500 0.500 28.039
0.503 0.494 0.494 0.500 0.500 0.500 28.050
0.503 0.494 0.494 0.500 0.500 0.500 28.060
0.503 0.494 0.494 0.500 0.500 0.500 28.070
0.503 0.494 0.494 0.500 0.500 0.500 28.080
0.503 0.494 0.494 0.500 0.500 0.500 28.090
0.503 0.494 0.494 0.500 0.500 0.500 28.100
0.503 0.494 0.494 0.500 0.500 0.500 28.110
0.503 0.494 0.494 0.500 0.500 0.500 28.120
0.503 0.494 0.494 0.500 0.500 0.500 28.130
0.503 0.494 0.494 0.500 0.500 0.500 28.140
0.503 0.494 0.494 0.500 0.500 0.500 28.150
0.503 0.494 0.494 0.500 0.500 0.500 28.160
0.503 0.494 0.494 0.500 0.500 0.500 28.170
0.503 0.494 0.494 0.500 0.500 0.500 28.180
0.503 0.494 0.494 0.500 0.500 0.500 28.190
0.503 0.494 0.494 0.500 0.500 0.500 28.200
0.503 0.494 0.494 0.500 0.500 0.500 28.210
0.503 0.494 0.494 0.500 0.500 0.500 28.220
0.503 0.494 0.494 0.500 0.500 0.500 28.230
0.503 0.494 0.495 0.500 0.500 0.500 28.240
0.503 0.494 0.496 0.500 0.500 0.500 28.250
0.503 0.494 0.497 0.500 0.500 0.500 28.260
0.503 0.494 0.497 0.500 0.500 0.500 28.270
0.503 0.494 0.497 0.500 0.500 0.500 28.280
0.503 0.494 0.497 0.500 0.500 0.500 28.290
0.503 0.494 0.498 0.500 0.500 0.500 28.300
0.503 0.494 0.499 0.500 0.500 0.500 28.310
0.503 0.494 0.499 0.500 0.500 0.500 28.320
0.503 0.494 0.500 0.500 0.500 0.500 28.330
0.503 0.494 0.500 0.500 0.500 0.500 28.340
0.503 0.494 0.501 0.500 0.500 0.500 28.349
0.503 0.494 0.501 0.500 0.500 0.500 28.359
0.503 0.494 0.501 0.500 0.500 0.500 28.369
0.503 0.494 0.501 0.500 0.500 0.500 28.380
0.503 0.494 0.501 0.500 0.500 0.500 28.389
0.503 0.494 0.501 0.500 0.500 0.500 28.399
0.503 0.494 0.501 0.500 0.500 0.500 28.410
0.503 0.494 0.501 0.500 0.500 0.500 28.420
0.503 0.494 0.501 0.500 0.500 0.500 28.429
0.503 0.494 0.501 0.500 0.500 0.500 28.439
0.503 0.494 0.501 0.500 0.500 0.500 28.449
0.503 0.494 0.501 0.500 0.500 0.500 28.459
0.503 0.494 0.501 0.500 0.500 0.500 28.469
0.503 0.494 0.501 0.500 0.500 0.500 28.479
0.503 0.494 0.501 0.500 0.500 0.500 28.489
0.503 0.494 0.501 0.500 0.500 0.500 28.499
0.503 0.494 0.501 0.500 0.500 0.500 28.509
0.503 0.494 0.501 0.500 0.500 0.500 28.519
0.503 0.494 0.501 0.500 0.500 0.500 28.529
0.503 0.494 0.501 0.500 0.500 0.500 28.539
0.503 0.494 0.501 0.500 0.500 0.500 28.549
0.503 0.494 0.501 0.500 0.500 0.500 28.559
0.503 0.494 0.501 0.500 0.500 0.500 28.569
0.503 0.494 0.500 0.500 0.500 0.500 28.579
0.503 0.494 0.500 0.500 0.500 0.500 28.589
0.503 0.494 0.500 0.500 0.500 0.500 28.599
0.503 0.495 0.500 0.500 0.500 0.500 28.609
0.503 0.496 0.500 0.500 0.500 0.500 28.619
0.503 0.497 0.501 0.500 0.500 0.500 28.629
0.503 0.498 0.501 0.500 0.500 0.500 28.639
0.503 0.498 0.500 0.500 0.500 0.500 28.649
0.503 0.499 0.500 0.500 0.500 0.500 28.659
0.503 0.502 0.501 0.500 0.500 0.500 28.669
0.503 0.504 0.501 0.500 0.500 0.500 28.679
0.503 0.506 0.501 0.500 0.500 0.500 28.689
0.503 0.508 0.501 0.500 0.500 0.500 28.699
0.503 0.511 0.501 0.500 0.500 0.500 28.709
0.503 0.514 0.501 0.500 0.500 0.500 28.719
0.503 0.517 0.501 0.500 0.500 0.500 28.729
0.503 0.519 0.501 0.500 0.500 0.500 28.739
0.503 0.521 0.501 0.500 0.500 0.500 28.749
0.503 0.523 0.501 0.500 0.500 0.500 28.759
0.503 0.525 0.501 0.500 0.500 0.500 28.769
0.504 0.527 0.501 0.500 0.500 0.500 28.779
0.504 0.527 0.501 0.500 0.500 0.500 28.789
0.504 0.527 0.501 0.500 0.500 0.500 28.799
0.504 0.527 0.501 0.500 0.500 0.500 28.809
0.504 0.527 0.501 0.500 0.500 0.500 28.819
0.504 0.527 0.501 0.500 0.500 0.500 28.829
0.504 0.527 0.501 0.500 0.500 0.500 28.839
0.504 0.527 0.501 0.500 0.500 0.500 28.849
0.504 0.527 0.501 0.500 0.500 0.500 28.859
0.504 0.527 0.501 0.500 0.500 0.500 28.869
0.504 0.527 0.501 0.500 0.500 0.500 28.879
0.504 0.527 0.501 0.500 0.500 0.500 28.889
0.504 0.527 0.501 0.500 0.500 0.500 28.899
0.504 0.527 0.501 0.500 0.500 0.500 28.909
0.504 0.527 0.501 0.500 0.500 0.500 28.919
0.504 0.527 0.501 0.500 0.500 0.500 28.929
0.504 0.527 0.501 0.500 0.500 0.500 28.939
0.504 0.527 0.501 0.500 0.500 0.500 28.949
0.504 0.527 0.501 0.500 0.500 0.500 28.959
0.504 0.527 0.501 0.500 0.500 0.500 28.969
0.504 0.527 0.501 0.500 0.500 0.500 28.979
0.504 0.527 0.501 0.500 0.500 0.500 28.989
0.504 0.527 0.501 0.500 0.500 0.500 28.999
0.504 0.527 0.501 0.500 0.500 0.500 29.009
0.504 0.527 0.501 0.500 0.500 0.500 29.019
0.504 0.527 0.501 0.500 0.500 0.500 29.029
0.504 0.527 0.501 0.500 0.500 0.500 29.039
0.504 0.527 0.501 0.500 0.500 0.500 29.049
0.504 0.527 0.501 0.500 0.500 0.500 29.059
0.504 0.527 0.501 0.500 0.500 0.500 29.069
0.504 0.527 0.501 0.500 0.500 0.500 29.079
0.504 0.527 0.501 0.500 0.500 0.500 29.089
0.504 0.527 0.501 0.500 0.500 0.500 29.099
0.504 0.527 0.501 0.500 0.500 0.500 29.109
0.504 0.527 0.501 0.500 0.500 0.500 29.119
0.504 0.527 0.501 0.500 0.500 0.500 29.129
0.504 0.527 0.501 0.500 0.500 0.500 29.139
0.504 0.527 0.501 0.500 0.500 0.500 29.149
0.504 0.527 0.501 0.500 0.500 0.500 29.159
0.504 0.527 0.501 0.500 0.500 0.500 29.169
0.504 0.527 0.501 0.500 0.500 0.500 29.179
0.504 0.527 0.501 0.500 0.500 0.500 29.189
0.504 0.527 0.501 0.500 0.500 0.500 29.199
0.504 0.527 0.501 0.000 -0.000 0.000 29.209
0.504 0.527 0.501 0.000 -0.000 0.000 29.219
0.504 0.527 0.501 0.000 -0.000 0.000 29.229
0.504 0.527 0.501 0.000 -0.000 0.000 29.239
0.504 0.527 0.501 0.000 -0.000 0.000 29.249
0.504 0.522 0.502 0.000 -0.000 0.000 29.259
0.493 0.501 0.478 0.000 -0.000 0.000 29.269
0.448 0.460 0.422 0.000 -0.000 0.000 29.279
0.378 0.401 0.355 0.000 -0.000 0.000 29.289
0.300 0.329 0.282 0.000 -0.000 0.000 29.299
0.217 0.248 0.198 0.000 -0.000 0.000 29.309
0.131 0.160 0.116 0.000 -0.000 0.000 29.319
0.046 0.088 0.032 0.000 -0.000 0.000 29.329
-0.035 0.027 -0.042 0.000 -0.000 0.000 29.339
-0.120 -0.032 -0.111 0.000 -0.000 0.000 29.349
-0.199 -0.098 -0.175 0.000 -0.000 0.000 29.359
-0.269 -0.161 -0.236 0.000 -0.000 0.000 29.369
-0.335 -0.213 -0.282 0.000 -0.000 0.000 29.379
-0.398 -0.249 -0.317 0.000 -0.000 0.000 29.389
-0.455 -0.278 -0.336 0.000 -0.000 0.000 29.399
-0.497 -0.304 -0.344 0.000 -0.000 0.000 29.409
-0.522 -0.319 -0.347 0.000 -0.000 0.000 29.419
-0.525 -0.321 -0.348 0.000 -0.000 0.000 29.429
-0.516 -0.315 -0.337 0.000 -0.000 0.000 29.439
-0.491 -0.302 -0.319 0.000 -0.000 0.000 29.449
-0.454 -0.288 -0.292 0.000 -0.000 0.000 29.459
-0.417 -0.274 -0.258 0.000 -0.000 0.000 29.469
-0.375 -0.256 -0.224 0.000 -0.000 0.000 29.479
-0.327 -0.234 -0.189 0.000 -0.000 0.000 29.489
-0.275 -0.211 -0.151 0.000 -0.000 0.000 29.499
-0.218 -0.188 -0.113 0.000 -0.000 0.000 29.509
-0.158 -0.165 -0.077 0.000 -0.000 0.000 29.519
-0.097 -0.142 -0.047 0.000 -0.000 0.000 29.529
-0.040 -0.120 -0.021 0.000 -0.000 0.000 29.539
0.015 -0.099 0.006 0.000 -0.000 0.000 29.549
0.067 -0.081 0.028 0.000 -0.000 0.000 29.558
0.113 -0.066 0.043 0.000 -0.000 0.000 29.567
0.113 -0.066 0.043 0.000 -0.000 0.000 29.576
0.156 -0.051 0.056 0.000 -0.000 0.000 29.585
0.192 -0.037 0.065 0.000 -0.000 0.000 29.595
0.223 -0.027 0.068 0.000 -0.000 0.000 29.604
0.244 -0.020 0.068 0.000 -0.000 0.000 29.614
0.246 -0.013 0.068 0.000 -0.000 0.000 29.625
0.237 -0.009 0.068 0.000 -0.000 0.000 29.635
0.222 -0.008 0.066 0.000 -0.000 0.000 29.645
0.203 -0.007 0.067 0.000 -0.000 0.000 29.655
0.182 -0.005 0.068 0.000 -0.000 0.000 29.663
0.160 -0.004 0.067 0.000 -0.000 0.000 29.675
0.134 -0.003 0.061 0.000 -0.000 0.000 29.684
0.105 -0.003 0.054 0.000 -0.000 0.000 29.695
0.074 -0.004 0.047 0.000 -0.000 0.000 29.705
0.043 -0.003 0.040 0.000 -0.000 0.000 29.715
0.016 -0.003 0.033 0.000 -0.000 0.000 29.724
-0.008 -0.002 0.027 0.000 -0.000 0.000 29.734
-0.031 -0.002 0.023 0.000 -0.000 0.000 29.744
-0.052 -0.001 0.019 0.000 -0.000 0.000 29.755
-0.070 -0.002 0.014 0.000 -0.000 0.000 29.763
-0.084 -0.002 0.010 0.000 -0.000 0.000 29.774
-0.095 -0.001 0.006 0.000 -0.000 0.000 29.785
-0.102 -0.001 0.003 0.000 -0.000 0.000 29.794
-0.104 -0.001 0.000 0.000 -0.000 0.000 29.804
-0.103 -0.001 -0.001 0.000 -0.000 0.000 29.814
-0.103 -0.000 -0.001 0.000 -0.000 0.000 29.824
-0.102 -0.000 -0.002 0.000 -0.000 0.000 29.834
-0.101 -0.001 -0.002 0.000 -0.000 0.000 29.844
-0.099 -0.001 -0.003 0.000 -0.000 0.000 29.854
-0.099 -0.001 -0.003 0.000 -0.000 0.000 29.863
-0.098 -0.001 -0.003 0.000 -0.000 0.000 29.874
-0.096 -0.001 -0.003 0.000 -0.000 0.000 29.884
-0.094 -0.001 -0.004 0.000 -0.000 0.000 29.893
-0.092 -0.001 -0.004 0.000 -0.000 0.000 29.903
-0.088 -0.001 -0.004 0.000 -0.000 0.000 29.913
-0.082 -0.001 -0.004 0.000 -0.000 0.000 29.923
-0.075 -0.001 -0.004 0.000 -0.000 0.000 29.933
-0.068 -0.001 -0.004 0.000 -0.000 0.000 29.943
-0.060 -0.001 -0.004 0.000 -0.000 0.000 29.953
-0.053 -0.001 -0.004 0.000 -0.000 0.000 29.963
-0.045 -0.001 -0.004 0.000 -0.000 0.000 29.973
-0.039 -0.002 -0.004 0.000 -0.000 0.000 29.983
-0.032 -0.002 -0.004 0.000 -0.000 0.000 29.993
-0.027 -0.002 -0.004 0.000 -0.000 0.000 30.003
-0.022 -0.002 -0.004 0.000 -0.000 0.000 30.013
-0.017 -0.002 -0.004 0.000 -0.000 0.000 30.023
-0.013 -0.002 -0.004 0.000 -0.000 0.000 30.033
-0.010 -0.002 -0.004 0.000 -0.000 0.000 30.043
-0.007 -0.002 -0.004 0.000 -0.000 0.000 30.053
-0.005 -0.002 -0.004 0.000 -0.000 0.000 30.063
-0.004 -0.002 -0.004 0.000 -0.000 0.000 30.073
-0.003 -0.002 -0.004 0.000 -0.000 0.000 30.084
-0.003 -0.002 -0.004 0.000 -0.000 0.000 30.094
-0.003 -0.002 -0.004 0.000 -0.000 0.000 30.103
-0.003 -0.002 -0.004 0.000 -0.000 0.000 30.113
-0.003 -0.002 -0.004 0.000 -0.000 0.000 30.124
-0.003 -0.002 -0.004 0.000 -0.000 0.000 30.134
-0.003 -0.002 -0.004 0.000 -0.000 0.000 30.144
-0.003 -0.002 -0.004 0.000 -0.000 0.000 30.154
-0.003 -0.002 -0.004 0.000 -0.000 0.000 30.164
-0.003 -0.002 -0.004 0.000 -0.000 0.000 30.174
-0.003 -0.002 -0.004 0.000 -0.000 0.000 30.184
-0.003 -0.002 -0.004 0.000 -0.000 0.000 30.194
-0.003 -0.002 -0.004 0.000 -0.000 0.000 30.204
-0.003 -0.002 -0.004 0.000 -0.000 0.000 30.214
-0.003 -0.002 -0.004 0.000 -0.000 0.000 30.224
-0.003 -0.002 -0.004 0.000 -0.000 0.000 30.233
-0.003 -0.002 -0.004 0.000 -0.000 0.000 30.244
-0.003 -0.002 -0.004 0.000 -0.000 0.000 30.254
-0.003 -0.002 -0.004 0.000 -0.000 0.000 30.264
-0.003 -0.002 -0.003 0.000 -0.000 0.000 30.274
-0.003 -0.002 -0.003 0.000 -0.000 0.000 30.284
-0.003 -0.002 -0.003 0.000 -0.000 0.000 30.294
-0.003 -0.002 -0.003 0.000 -0.000 0.000 30.304
-0.003 -0.002 -0.003 0.000 -0.000 0.000 30.314
-0.003 -0.002 -0.003 0.000 -0.000 0.000 30.324
-0.003 -0.002 -0.003 0.000 -0.000 0.000 30.334
-0.003 -0.002 -0.003 0.000 -0.000 0.000 30.344
-0.003 -0.002 -0.003 0.000 -0.000 0.000 30.354
-0.003 -0.002 -0.003 0.000 -0.000 0.000 30.364
-0.003 -0.002 -0.003 0.000 -0.000 0.000 30.374
-0.003 -0.002 -0.003 0.000 -0.000 0.000 30.384
-0.003 -0.002 -0.003 0.000 -0.000 0.000 30.394
-0.003 -0.002 -0.003 0.000 -0.000 0.000 30.404
-0.003 -0.002 -0.003 0.000 -0.000 0.000 30.414
-0.003 -0.002 -0.003 0.000 -0.000 0.000 30.424
-0.003 -0.002 -0.003 0.000 -0.000 0.000 30.433
-0.003 -0.002 -0.003 0.000 -0.000 0.000 30.444
-0.003 -0.002 -0.003 0.000 -0.000 0.000 30.454
-0.003 -0.002 -0.003 0.000 -0.000 0.000 30.464
-0.003 -0.002 -0.003 0.000 -0.000 0.000 30.474
-0.003 -0.002 -0.003 0.000 -0.000 0.000 30.484
-0.003 -0.002 -0.003 0.000 -0.000 0.000 30.494
-0.003 -0.002 -0.003 0.000 -0.000 0.000 30.504
-0.003 -0.002 -0.003 0.000 -0.000 0.000 30.514
-0.003 -0.002 -0.003 0.000 -0.000 0.000 30.524
-0.003 -0.002 -0.003 0.000 -0.000 0.000 30.534
-0.003 -0.002 -0.003 0.000 -0.000 0.000 30.544
-0.003 -0.002 -0.003 0.000 -0.000 0.000 30.554
-0.003 -0.002 -0.003 0.000 -0.000 0.000 30.564
-0.003 -0.002 -0.003 0.000 -0.000 0.000 30.574
-0.003 -0.002 -0.003 0.000 -0.000 0.000 30.584
-0.003 -0.002 -0.003 0.000 -0.000 0.000 30.594
-0.003 -0.002 -0.003 0.000 -0.000 0.000 30.604
-0.003 -0.002 -0.003 0.000 -0.000 0.000 30.614
-0.003 -0.002 -0.003 0.000 -0.000 0.000 30.624
-0.003 -0.002 -0.003 0.000 -0.000 0.000 30.634
-0.003 -0.002 -0.003 0.000 -0.000 0.000 30.644
-0.003 -0.002 -0.003 0.000 -0.000 0.000 30.654
-0.003 -0.002 -0.003 0.000 -0.000 0.000 30.664
-0.003 -0.002 -0.003 0.000 -0.000 0.000 30.674
-0.003 -0.002 -0.003 0.000 -0.000 0.000 30.684
-0.003 -0.002 -0.003 0.000 -0.000 0.000 30.694
-0.003 -0.002 -0.003 0.000 -0.000 0.000 30.704
-0.003 -0.002 -0.003 0.000 -0.000 0.000 30.714
-0.003 -0.002 -0.003 0.000 -0.000 0.000 30.724
-0.003 -0.003 -0.003 0.000 -0.000 0.000 30.734
-0.003 -0.003 -0.003 0.000 -0.000 0.000 30.744
-0.003 -0.003 -0.003 0.000 -0.000 0.000 30.754
-0.003 -0.003 -0.003 0.000 -0.000 0.000 30.764
-0.003 -0.003 -0.003 0.000 -0.000 0.000 30.774
-0.003 -0.003 -0.003 0.000 -0.000 0.000 30.784
-0.003 -0.003 -0.003 0.000 -0.000 0.000 30.794
-0.003 -0.002 -0.003 0.000 -0.000 0.000 30.805
-0.003 -0.002 -0.003 0.000 -0.000 0.000 30.814
-0.003 -0.002 -0.003 0.000 -0.000 0.000 30.824
-0.003 -0.002 -0.003 0.000 -0.000 0.000 30.834
-0.002 -0.003 -0.003 0.000 -0.000 0.000 30.844
-0.002 -0.003 -0.003 0.000 -0.000 0.000 30.854
-0.002 -0.003 -0.003 0.000 -0.000 0.000 30.864
-0.002 -0.003 -0.004 0.000 -0.000 0.000 30.874
-0.002 -0.003 -0.004 0.000 -0.000 0.000 30.885
-0.002 -0.003 -0.004 0.000 -0.000 0.000 30.894
-0.002 -0.003 -0.003 0.000 -0.000 0.000 30.905
-0.002 -0.003 -0.003 0.000 -0.000 0.000 30.914
-0.002 -0.003 -0.004 0.000 -0.000 0.000 30.925
-0.002 -0.003 -0.004 0.000 -0.000 0.000 30.934
-0.002 -0.003 -0.003 0.000 -0.000 0.000 30.945
-0.002 -0.003 -0.003 0.000 -0.000 0.000 30.954
-0.002 -0.003 -0.003 0.000 -0.000 0.000 30.964
-0.002 -0.003 -0.003 0.000 -0.000 0.000 30.974
-0.002 -0.003 -0.003 0.000 -0.000 0.000 30.984
-0.002 -0.003 -0.003 0.000 -0.000 0.000 30.994
-0.002 -0.003 -0.003 0.000 -0.000 0.000 31.004
-0.002 -0.003 -0.003 0.000 -0.000 0.000 31.014
-0.002 -0.003 -0.003 0.000 -0.000 0.000 31.024
-0.003 -0.003 -0.003 0.000 -0.000 0.000 31.034
-0.003 -0.003 -0.003 0.000 -0.000 0.000 31.044
-0.003 -0.003 -0.003 0.000 -0.000 0.000 31.054
-0.003 -0.003 -0.003 0.000 -0.000 0.000 31.064
-0.004 -0.003 -0.003 0.000 -0.000 0.000 31.074
-0.005 -0.003 -0.003 0.000 -0.000 0.000 31.084
-0.005 -0.003 -0.002 0.000 -0.000 0.000 31.094
-0.006 -0.003 -0.003 0.000 -0.000 0.000 31.104
-0.007 -0.003 -0.003 0.000 -0.000 0.000 31.114
-0.008 -0.003 -0.003 0.000 -0.000 0.000 31.124
-0.008 -0.003 -0.003 0.000 -0.000 0.000 31.134
-0.009 -0.003 -0.003 0.000 -0.000 0.000 31.144
-0.009 -0.003 -0.002 0.000 -0.000 0.000 31.154
-0.009 -0.003 -0.003 0.000 -0.000 0.000 31.164
-0.009 -0.003 -0.003 0.000 -0.000 0.000 31.174
-0.009 -0.003 -0.003 0.000 -0.000 0.000 31.184
-0.009 -0.003 -0.003 0.000 -0.000 0.000 31.194
-0.009 -0.003 -0.003 0.000 -0.000 0.000 31.204
-0.009 -0.003 -0.003 0.000 -0.000 0.000 31.214
-0.009 -0.003 -0.003 0.000 -0.000 0.000 31.224
-0.009 -0.003 -0.003 0.000 -0.000 0.000 31.234
-0.009 -0.003 -0.003 0.000 -0.000 0.000 31.244
-0.009 -0.003 -0.002 0.000 -0.000 0.000 31.254
-0.009 -0.003 -0.002 0.000 -0.000 0.000 31.264
-0.009 -0.003 -0.003 0.000 -0.000 0.000 31.274
-0.009 -0.003 -0.003 0.000 -0.000 0.000 31.284
-0.009 -0.003 -0.003 0.000 -0.000 0.000 31.294
-0.009 -0.003 -0.002 0.000 -0.000 0.000 31.305
-0.009 -0.003 -0.002 0.000 -0.000 0.000 31.315
-0.009 -0.003 -0.003 0.000 -0.000 0.000 31.325
-0.009 -0.003 -0.003 0.000 -0.000 0.000 31.335
-0.009 -0.003 -0.003 0.000 -0.000 0.000 31.345
-0.009 -0.003 -0.002 0.000 -0.000 0.000 31.355
-0.009 -0.003 -0.002 0.000 -0.000 0.000 31.365
-0.009 -0.003 -0.003 0.000 -0.000 0.000 31.375
-0.009 -0.003 -0.003 0.000 -0.000 0.000 31.385
-0.009 -0.003 -0.002 0.000 -0.000 0.000 31.395
-0.009 -0.003 -0.002 0.000 -0.000 0.000 31.405
-0.009 -0.003 -0.002 0.000 -0.000 0.000 31.415
-0.009 -0.003 -0.002 0.000 -0.000 0.000 31.425
-0.009 -0.003 -0.002 0.000 -0.000 0.000 31.435
-0.010 -0.003 -0.002 0.000 -0.000 0.000 31.445
-0.010 -0.003 -0.002 0.000 -0.000 0.000 31.455
-0.010 -0.003 -0.002 0.000 -0.000 0.000 31.465
-0.010 -0.003 -0.002 0.000 -0.000 0.000 31.475
-0.010 -0.003 -0.002 0.000 -0.000 0.000 31.485
-0.010 -0.003 -0.002 0.000 -0.000 0.000 31.495
-0.010 -0.003 -0.002 0.000 -0.000 0.000 31.505
-0.010 -0.003 -0.002 0.000 -0.000 0.000 31.515
-0.010 -0.003 -0.002 0.000 -0.000 0.000 31.525
-0.010 -0.003 -0.002 0.000 -0.000 0.000 31.535
-0.010 -0.003 -0.002 0.000 -0.000 0.000 31.545
-0.010 -0.003 -0.002 0.000 -0.000 0.000 31.555
-0.010 -0.003 -0.002 0.000 -0.000 0.000 31.564
-0.010 -0.003 -0.002 0.000 -0.000 0.000 31.574
-0.010 -0.003 -0.002 0.000 -0.000 0.000 31.584
-0.010 -0.003 -0.001 0.000 -0.000 0.000 31.594
-0.010 -0.003 -0.001 0.000 -0.000 0.000 31.604
-0.010 -0.003 -0.002 0.000 -0.000 0.000 31.614
-0.010 -0.003 -0.002 0.000 -0.000 0.000 31.624
-0.010 -0.003 -0.001 0.000 -0.000 0.000 31.634
-0.010 -0.003 -0.001 0.000 -0.000 0.000 31.644
-0.010 -0.003 -0.001 0.000 -0.000 0.000 31.654
-0.010 -0.003 -0.001 0.000 -0.000 0.000 31.664
-0.010 -0.003 -0.001 0.000 -0.000 0.000 31.674
-0.010 -0.003 -0.001 0.000 -0.000 0.000 31.684
-0.010 -0.003 -0.001 0.000 -0.000 0.000 31.694
-0.010 -0.003 -0.001 0.000 -0.000 0.000 31.704
-0.010 -0.003 -0.001 0.000 -0.000 0.000 31.714
-0.010 -0.003 -0.001 0.000 -0.000 0.000 31.724
-0.010 -0.003 -0.001 0.000 -0.000 0.000 31.734
-0.010 -0.003 -0.001 0.000 -0.000 0.000 31.744
-0.010 -0.003 -0.001 0.000 -0.000 0.000 31.754
-0.010 -0.003 -0.001 0.000 -0.000 0.000 31.764
-0.010 -0.003 -0.001 0.000 -0.000 0.000 31.774
-0.010 -0.003 -0.001 0.000 -0.000 0.000 31.784
-0.010 -0.003 -0.001 0.000 -0.000 0.000 31.794
-0.010 -0.003 -0.001 0.000 -0.000 0.000 31.804
-0.010 -0.003 -0.001 0.000 -0.000 0.000 31.814
-0.010 -0.003 -0.001 0.000 -0.000 0.000 31.824
-0.010 -0.003 -0.001 0.000 -0.000 0.000 31.834
-0.010 -0.003 -0.001 0.000 -0.000 0.000 31.844
-0.010 -0.003 -0.001 0.000 -0.000 0.000 31.854
-0.010 -0.003 -0.001 0.000 -0.000 0.000 31.864
-0.010 -0.003 -0.001 0.000 -0.000 0.000 31.874
-0.010 -0.003 -0.001 0.000 -0.000 0.000 31.884
-0.010 -0.003 -0.001 0.000 -0.000 0.000 31.894
-0.010 -0.003 -0.001 0.000 -0.000 0.000 31.904
-0.010 -0.003 -0.001 0.000 -0.000 0.000 31.914
-0.010 -0.003 -0.001 0.000 -0.000 0.000 31.924
-0.010 -0.003 -0.001 0.000 -0.000 0.000 31.934
-0.010 -0.003 -0.001 0.000 -0.000 0.000 31.944
-0.010 -0.003 -0.001 0.000 -0.000 0.000 31.954
-0.010 -0.003 -0.001 0.000 -0.000 0.000 31.964
-0.010 -0.003 -0.001 0.000 -0.000 0.000 31.974
-0.010 -0.003 -0.001 0.000 -0.000 0.000 31.984
-0.010 -0.003 -0.001 0.000 -0.000 0.000 31.994
-0.010 -0.003 -0.001 0.000 -0.000 0.000 32.004
-0.010 -0.003 -0.001 0.000 -0.000 0.000 32.014
-0.010 -0.003 -0.001 0.000 -0.000 0.000 32.024
-0.010 -0.003 -0.001 0.000 -0.000 0.000 32.034
-0.010 -0.003 -0.001 0.000 -0.000 0.000 32.044
-0.010 -0.003 -0.001 0.000 -0.000 0.000 32.054
-0.010 -0.003 -0.001 0.000 -0.000 0.000 32.064
-0.010 -0.003 -0.001 0.000 -0.000 0.000 32.074
-0.010 -0.003 -0.001 0.000 -0.000 0.000 32.084
-0.010 -0.003 -0.001 0.000 -0.000 0.000 32.094
-0.010 -0.003 -0.001 0.000 -0.000 0.000 32.104
-0.010 -0.004 -0.001 0.000 -0.000 0.000 32.114
-0.008 -0.004 -0.001 0.000 -0.000 0.000 32.124
-0.005 -0.004 -0.001 0.000 -0.000 0.000 32.134
-0.001 -0.004 -0.001 0.000 -0.000 0.000 32.144
0.005 -0.004 -0.001 0.000 -0.000 0.000 32.154
0.009 -0.004 -0.001 0.000 -0.000 0.000 32.164
0.012 -0.004 -0.001 0.000 -0.000 0.000 32.174
0.016 -0.004 -0.001 0.000 -0.000 0.000 32.184
0.020 -0.004 -0.001 0.000 -0.000 0.000 32.194
0.023 -0.004 -0.001 0.000 -0.000 0.000 32.204
0.025 -0.004 -0.001 0.000 -0.000 0.000 32.214
0.027 -0.004 -0.001 0.000 -0.000 0.000 32.224
0.029 -0.004 -0.001 0.000 -0.000 0.000 32.234
0.030 -0.004 -0.001 0.000 -0.000 0.000 32.244
0.031 -0.004 -0.001 0.000 -0.000 0.000 32.254
0.032 -0.004 -0.001 0.000 -0.000 0.000 32.264
0.032 -0.004 -0.001 0.000 -0.000 0.000 32.274
0.032 -0.004 -0.001 0.000 -0.000 0.000 32.284
0.032 -0.004 -0.001 0.000 -0.000 0.000 32.294
0.032 -0.004 -0.001 0.000 -0.000 0.000 32.304
0.032 -0.004 -0.001 0.000 -0.000 0.000 32.314
0.032 -0.004 -0.001 0.000 -0.000 0.000 32.324
0.032 -0.004 -0.001 0.000 -0.000 0.000 32.334
0.032 -0.004 -0.001 0.000 -0.000 0.000 32.344
0.032 -0.004 -0.001 0.000 -0.000 0.000 32.354
0.032 -0.004 -0.001 0.000 -0.000 0.000 32.364
0.032 -0.004 -0.001 0.000 -0.000 0.000 32.374
0.032 -0.004 -0.001 0.000 -0.000 0.000 32.384
0.032 -0.004 -0.001 0.000 -0.000 0.000 32.394
0.032 -0.004 -0.001 0.000 -0.000 0.000 32.404
0.032 -0.004 -0.001 0.000 -0.000 0.000 32.414
0.032 -0.004 -0.001 0.000 -0.000 0.000 32.424
0.032 -0.004 -0.001 0.000 -0.000 0.000 32.434
0.032 -0.004 -0.001 0.000 -0.000 0.000 32.444
0.032 -0.004 -0.001 0.000 -0.000 0.000 32.454
0.032 -0.004 -0.001 0.000 -0.000 0.000 32.464
0.032 -0.004 -0.001 0.000 -0.000 0.000 32.474
0.032 -0.004 -0.001 0.000 -0.000 0.000 32.484
0.032 -0.004 -0.001 0.000 -0.000 0.000 32.494
0.032 -0.004 -0.001 0.000 -0.000 0.000 32.504
0.032 -0.004 -0.001 0.000 -0.000 0.000 32.514
0.032 -0.004 -0.001 0.000 -0.000 0.000 32.524
0.032 -0.004 -0.001 0.000 -0.000 0.000 32.534
0.032 -0.004 -0.001 0.000 -0.000 0.000 32.544
0.032 -0.004 -0.001 0.000 -0.000 0.000 32.554
0.032 -0.004 -0.001 0.000 -0.000 0.000 32.564
0.032 -0.004 -0.001 0.000 -0.000 0.000 32.574
0.032 -0.004 -0.001 0.000 -0.000 0.000 32.584
0.032 -0.004 -0.001 0.000 -0.000 0.000 32.594
0.032 -0.004 -0.001 0.000 -0.000 0.000 32.604
0.032 -0.004 -0.001 0.000 -0.000 0.000 32.614
0.032 -0.004 -0.001 0.000 -0.000 0.000 32.625
0.032 -0.004 -0.001 0.000 -0.000 0.000 32.634
0.032 -0.004 -0.001 0.000 -0.000 0.000 32.644
0.032 -0.004 -0.001 0.000 -0.000 0.000 32.655
0.032 -0.004 -0.001 0.000 -0.000 0.000 32.665
0.032 -0.004 -0.001 0.000 -0.000 0.000 32.675
0.032 -0.004 -0.001 0.000 -0.000 0.000 32.684
0.032 -0.004 -0.001 0.000 -0.000 0.000 32.695
0.032 -0.004 -0.001 0.000 -0.000 0.000 32.704
0.032 -0.004 -0.001 0.000 -0.000 0.000 32.715
0.032 -0.004 -0.001 0.000 -0.000 0.000 32.725
0.032 -0.004 -0.001 0.000 -0.000 0.000 32.735
0.032 -0.004 -0.001 0.000 -0.000 0.000 32.745
0.032 -0.004 -0.001 0.000 -0.000 0.000 32.755
0.032 -0.004 -0.001 0.000 -0.000 0.000 32.765
0.032 -0.004 -0.001 0.000 -0.000 0.000 32.775
0.032 -0.004 -0.001 0.000 -0.000 0.000 32.785
0.032 -0.004 -0.001 0.000 -0.000 0.000 32.795
0.032 -0.004 -0.001 0.000 -0.000 0.000 32.805
0.032 -0.004 -0.001 0.000 -0.000 0.000 32.815
0.032 -0.004 -0.001 0.000 -0.000 0.000 32.825
0.032 -0.004 -0.001 0.000 -0.000 0.000 32.835
0.032 -0.004 -0.001 0.000 -0.000 0.000 32.845
0.032 -0.004 -0.001 0.000 -0.000 0.000 32.855
0.032 -0.004 -0.001 0.000 -0.000 0.000 32.865
0.032 -0.004 -0.001 0.000 -0.000 0.000 32.875
0.032 -0.004 -0.001 0.000 -0.000 0.000 32.885
0.032 -0.004 -0.001 0.000 -0.000 0.000 32.895
0.032 -0.004 -0.001 0.000 -0.000 0.000 32.905
0.032 -0.004 -0.001 0.000 -0.000 0.000 32.915
0.031 -0.004 -0.001 0.000 -0.000 0.000 32.924
0.031 -0.004 -0.001 0.000 -0.000 0.000 32.935
0.031 -0.004 -0.001 0.000 -0.000 0.000 32.945
0.031 -0.004 -0.001 0.000 -0.000 0.000 32.954
0.031 -0.004 -0.001 0.000 -0.000 0.000 32.964
0.030 -0.004 -0.001 0.000 -0.000 0.000 32.975
0.029 -0.004 -0.001 0.000 -0.000 0.000 32.985
0.028 -0.004 -0.001 0.000 -0.000 0.000 32.994
0.027 -0.004 -0.001 0.000 -0.000 0.000 33.005
0.024 -0.004 -0.001 0.000 -0.000 0.000 33.014
0.022 -0.004 -0.001 0.000 -0.000 0.000 33.024
0.019 -0.004 -0.001 0.000 -0.000 0.000 33.034
0.017 -0.004 -0.001 0.000 -0.000 0.000 33.044
0.015 -0.004 -0.001 0.000 -0.000 0.000 33.054
0.013 -0.004 -0.001 0.000 -0.000 0.000 33.064
0.011 -0.004 -0.001 0.000 -0.000 0.000 33.074
0.009 -0.004 -0.001 0.000 -0.000 0.000 33.084
0.007 -0.004 -0.001 0.000 -0.000 0.000 33.094
0.005 -0.004 -0.001 0.000 -0.000 0.000 33.104
0.004 -0.004 -0.001 0.000 -0.000 0.000 33.114
0.003 -0.004 -0.001 0.000 -0.000 0.000 33.124
0.003 -0.004 -0.001 0.000 -0.000 0.000 33.134
0.002 -0.004 -0.001 0.000 -0.000 0.000 33.144
0.001 -0.004 -0.001 0.000 -0.000 0.000 33.154
0.000 -0.004 -0.001 0.000 -0.000 0.000 33.164
-0.001 -0.004 -0.001 0.000 -0.000 0.000 33.174
-0.001 -0.004 -0.001 0.000 -0.000 0.000 33.184
-0.001 -0.004 -0.001 0.000 -0.000 0.000 33.194
-0.002 -0.004 -0.001 0.000 -0.000 0.000 33.204
-0.003 -0.004 -0.001 0.000 -0.000 0.000 33.214
-0.003 -0.004 -0.001 0.000 -0.000 0.000 33.224
-0.003 -0.004 -0.001 0.000 -0.000 0.000 33.234
-0.003 -0.004 -0.001 0.000 -0.000 0.000 33.244
-0.003 -0.004 -0.001 0.000 -0.000 0.000 33.254
-0.003 -0.004 -0.001 0.000 -0.000 0.000 33.264
-0.003 -0.004 -0.001 0.000 -0.000 0.000 33.274
-0.003 -0.004 -0.001 0.000 -0.000 0.000 33.284
-0.003 -0.004 -0.001 0.000 -0.000 0.000 33.294
-0.003 -0.004 -0.001 0.000 -0.000 0.000 33.304
-0.003 -0.004 -0.001 0.000 -0.000 0.000 33.314
-0.003 -0.004 -0.001 0.000 -0.000 0.000 33.324
-0.003 -0.004 -0.001 0.000 -0.000 0.000 33.334
-0.003 -0.004 -0.001 0.000 -0.000 0.000 33.344
-0.003 -0.004 -0.001 0.000 -0.000 0.000 33.354
-0.003 -0.004 -0.001 0.000 -0.000 0.000 33.364
-0.003 -0.004 -0.001 0.000 -0.000 0.000 33.374
-0.003 -0.004 -0.001 0.000 -0.000 0.000 33.384
-0.003 -0.004 -0.001 0.000 -0.000 0.000 33.394
-0.003 -0.004 -0.001 0.000 -0.000 0.000 33.404
-0.003 -0.004 -0.001 0.000 -0.000 0.000 33.414
-0.003 -0.004 -0.001 0.000 -0.000 0.000 33.424
-0.003 -0.004 -0.001 0.000 -0.000 0.000 33.434
-0.003 -0.004 -0.001 0.000 -0.000 0.000 33.444
-0.003 -0.004 -0.001 0.000 -0.000 0.000 33.454
-0.003 -0.004 -0.001 0.000 -0.000 0.000 33.464
-0.003 -0.004 -0.001 0.000 -0.000 0.000 33.474
-0.003 -0.004 -0.001 0.000 -0.000 0.000 33.484
-0.003 -0.004 -0.001 0.000 -0.000 0.000 33.494
-0.003 -0.004 -0.001 0.000 -0.000 0.000 33.504
-0.003 -0.004 -0.001 0.000 -0.000 0.000 33.514
-0.003 -0.004 -0.001 0.000 -0.000 0.000 33.524
-0.003 -0.004 -0.001 0.000 -0.000 0.000 33.534
-0.003 -0.004 -0.001 0.000 -0.000 0.000 33.544
-0.003 -0.004 -0.001 0.000 -0.000 0.000 33.554
-0.003 -0.004 -0.001 0.000 -0.000 0.000 33.563
-0.003 -0.004 -0.001 0.000 -0.000 0.000 33.574
-0.003 -0.004 -0.001 0.000 -0.000 0.000 33.584
-0.003 -0.004 -0.001 0.000 -0.000 0.000 33.594
-0.003 -0.004 -0.001 0.000 -0.000 0.000 33.604
-0.003 -0.004 -0.001 0.000 -0.000 0.000 33.614
-0.003 -0.004 -0.001 0.000 -0.000 0.000 33.624
-0.003 -0.004 -0.001 0.000 -0.000 0.000 33.634
-0.003 -0.004 -0.001 0.000 -0.000 0.000 33.644
-0.003 -0.004 -0.001 0.000 -0.000 0.000 33.654
-0.003 -0.004 -0.001 0.000 -0.000 0.000 33.663
-0.003 -0.004 -0.001 0.000 -0.000 0.000 33.674
-0.003 -0.004 -0.001 0.000 -0.000 0.000 33.684
-0.003 -0.004 -0.001 0.000 -0.000 0.000 33.694
-0.003 -0.004 -0.001 0.000 -0.000 0.000 33.704
-0.003 -0.004 -0.001 0.000 -0.000 0.000 33.714
-0.003 -0.004 -0.001 0.000 -0.000 0.000 33.724
-0.003 -0.004 -0.001 0.000 -0.000 0.000 33.734
-0.003 -0.004 -0.001 0.000 -0.000 0.000 33.744
-0.003 -0.004 -0.001 0.000 -0.000 0.000 33.754
-0.003 -0.004 -0.001 0.000 -0.000 0.000 33.763
-0.003 -0.004 -0.001 0.000 -0.000 0.000 33.774
-0.003 -0.004 -0.001 0.000 -0.000 0.000 33.784
-0.003 -0.004 -0.001 0.000 -0.000 0.000 33.794
-0.003 -0.004 -0.001 0.000 -0.000 0.000 33.804
-0.003 -0.004 -0.001 0.000 -0.000 0.000 33.814
-0.003 -0.004 -0.001 0.000 -0.000 0.000 33.824
-0.003 -0.004 -0.001 0.000 -0.000 0.000 33.834
-0.003 -0.004 -0.001 0.000 -0.000 0.000 33.844
-0.003 -0.004 -0.001 0.000 -0.000 0.000 33.854
-0.003 -0.004 -0.001 0.000 -0.000 0.000 33.863
-0.003 -0.004 -0.001 0.000 -0.000 0.000 33.874
-0.003 -0.004 -0.001 0.000 -0.000 0.000 33.884
-0.003 -0.004 -0.001 0.000 -0.000 0.000 33.894
-0.003 -0.004 -0.001 0.000 -0.000 0.000 33.904
-0.003 -0.004 -0.001 0.000 -0.000 0.000 33.914
-0.003 -0.004 -0.001 0.000 -0.000 0.000 33.924
-0.003 -0.004 -0.001 0.000 -0.000 0.000 33.934
-0.003 -0.004 -0.001 0.000 -0.000 0.000 33.944
-0.003 -0.004 -0.001 0.000 -0.000 0.000 33.954
-0.003 -0.004 -0.001 0.000 -0.000 0.000 33.963
-0.003 -0.004 -0.001 0.000 -0.000 0.000 33.974
-0.003 -0.004 -0.001 0.000 -0.000 0.000 33.984
-0.003 -0.004 -0.001 0.000 -0.000 0.000 33.994
-0.003 -0.004 -0.001 0.000 -0.000 0.000 34.004
-0.003 -0.004 -0.001 0.000 -0.000 0.000 34.014
-0.003 -0.004 -0.001 0.000 -0.000 0.000 34.024
-0.003 -0.004 -0.001 0.000 -0.000 0.000 34.034
-0.003 -0.004 -0.001 0.000 -0.000 0.000 34.043
-0.003 -0.004 -0.001 0.000 -0.000 0.000 34.053
-0.003 -0.004 -0.001 0.000 -0.000 0.000 34.063
-0.003 -0.004 -0.001 0.000 -0.000 0.000 34.074
-0.003 -0.004 -0.001 0.000 -0.000 0.000 34.083
-0.003 -0.004 -0.001 0.000 -0.000 0.000 34.094
-0.003 -0.004 -0.001 0.000 -0.000 0.000 34.104
-0.003 -0.004 -0.001 0.000 -0.000 0.000 34.114
-0.002 -0.004 -0.001 0.000 -0.000 0.000 34.123
-0.002 -0.004 -0.001 0.000 -0.000 0.000 34.134
-0.002 -0.004 -0.001 0.000 -0.000 0.000 34.143
-0.002 -0.004 -0.001 0.000 -0.000 0.000 34.154
-0.002 -0.004 -0.001 0.000 -0.000 0.000 34.162
-0.002 -0.004 -0.001 0.000 -0.000 0.000 34.174
-0.002 -0.004 -0.001 0.000 -0.000 0.000 34.183
-0.002 -0.004 -0.001 0.000 -0.000 0.000 34.193
-0.002 -0.004 -0.001 -0.500 -0.500 -0.500 34.203
-0.002 -0.004 -0.001 -0.500 -0.500 -0.500 34.214
-0.002 -0.004 -0.001 -0.500 -0.500 -0.500 34.223
-0.002 -0.004 -0.001 -0.500 -0.500 -0.500 34.235
-0.002 -0.004 -0.002 -0.500 -0.500 -0.500 34.243
-0.008 -0.006 -0.026 -0.500 -0.500 -0.500 34.255
-0.034 -0.020 -0.068 -0.500 -0.500 -0.500 34.264
-0.085 -0.059 -0.126 -0.500 -0.500 -0.500 34.275
-0.147 -0.120 -0.199 -0.500 -0.500 -0.500 34.285
-0.216 -0.190 -0.270 -0.500 -0.500 -0.500 34.295
-0.291 -0.258 -0.346 -0.500 -0.500 -0.500 34.305
-0.366 -0.319 -0.421 -0.500 -0.500 -0.500 34.315
-0.439 -0.374 -0.490 -0.500 -0.500 -0.500 34.323
-0.512 -0.427 -0.546 -0.500 -0.500 -0.500 34.333
-0.581 -0.481 -0.601 -0.500 -0.500 -0.500 34.345
-0.644 -0.527 -0.649 -0.500 -0.500 -0.500 34.353
-0.704 -0.564 -0.686 -0.500 -0.500 -0.500 34.365
-0.757 -0.595 -0.713 -0.500 -0.500 -0.500 34.375
-0.797 -0.623 -0.730 -0.500 -0.500 -0.500 34.385
-0.827 -0.645 -0.735 -0.500 -0.500 -0.500 34.395
-0.851 -0.660 -0.734 -0.500 -0.500 -0.500 34.405
-0.862 -0.667 -0.735 -0.500 -0.500 -0.500 34.415
-0.860 -0.667 -0.734 -0.500 -0.500 -0.500 34.423
-0.859 -0.665 -0.725 -0.500 -0.500 -0.500 34.435
-0.849 -0.663 -0.716 -0.500 -0.500 -0.500 34.445
-0.830 -0.657 -0.701 -0.500 -0.500 -0.500 34.455
-0.809 -0.648 -0.681 -0.500 -0.500 -0.500 34.465
-0.784 -0.639 -0.661 -0.500 -0.500 -0.500 34.475
-0.754 -0.629 -0.643 -0.500 -0.500 -0.500 34.485
-0.725 -0.620 -0.623 -0.500 -0.500 -0.500 34.495
-0.697 -0.611 -0.603 -0.500 -0.500 -0.500 34.505
-0.668 -0.604 -0.589 -0.500 -0.500 -0.500 34.515
-0.639 -0.595 -0.576 -0.500 -0.500 -0.500 34.522
-0.612 -0.587 -0.561 -0.500 -0.500 -0.500 34.535
-0.586 -0.580 -0.548 -0.500 -0.500 -0.500 34.545
-0.561 -0.575 -0.539 -0.500 -0.500 -0.500 34.555
-0.538 -0.570 -0.531 -0.500 -0.500 -0.500 34.565
-0.518 -0.564 -0.523 -0.500 -0.500 -0.500 34.575
-0.500 -0.560 -0.518 -0.500 -0.500 -0.500 34.585
-0.485 -0.556 -0.514 -0.500 -0.500 -0.500 34.595
-0.472 -0.554 -0.512 -0.500 -0.500 -0.500 34.605
-0.462 -0.552 -0.510 -0.500 -0.500 -0.500 34.615
-0.455 -0.550 -0.509 -0.500 -0.500 -0.500 34.625
-0.451 -0.549 -0.508 -0.500 -0.500 -0.500 34.635
-0.449 -0.548 -0.508 -0.500 -0.500 -0.500 34.645
-0.449 -0.547 -0.508 -0.500 -0.500 -0.500 34.656
-0.449 -0.546 -0.509 -0.500 -0.500 -0.500 34.667
-0.450 -0.546 -0.509 -0.500 -0.500 -0.500 34.678
-0.450 -0.546 -0.508 -0.500 -0.500 -0.500 34.688
-0.450 -0.545 -0.508 -0.500 -0.500 -0.500 34.699
-0.451 -0.544 -0.508 -0.500 -0.500 -0.500 34.709
-0.452 -0.543 -0.508 -0.500 -0.500 -0.500 34.719
-0.452 -0.543 -0.508 -0.500 -0.500 -0.500 34.728
-0.455 -0.543 -0.508 -0.500 -0.500 -0.500 34.739
-0.459 -0.543 -0.508 -0.500 -0.500 -0.500 34.749
-0.463 -0.543 -0.508 -0.500 -0.500 -0.500 34.759
-0.467 -0.543 -0.508 -0.500 -0.500 -0.500 34.769
-0.471 -0.543 -0.508 -0.500 -0.500 -0.500 34.779
-0.476 -0.543 -0.508 -0.500 -0.500 -0.500 34.789
-0.480 -0.543 -0.507 -0.500 -0.500 -0.500 34.799
-0.484 -0.543 -0.507 -0.500 -0.500 -0.500 34.809
-0.488 -0.543 -0.508 -0.500 -0.500 -0.500 34.819
-0.492 -0.543 -0.508 -0.500 -0.500 -0.500 34.829
-0.495 -0.543 -0.508 -0.500 -0.500 -0.500 34.839
-0.497 -0.544 -0.507 -0.500 -0.500 -0.500 34.849
-0.500 -0.544 -0.507 -0.500 -0.500 -0.500 34.859
-0.502 -0.544 -0.507 -0.500 -0.500 -0.500 34.869
-0.504 -0.544 -0.507 -0.500 -0.500 -0.500 34.879
-0.505 -0.544 -0.507 -0.500 -0.500 -0.500 34.889
-0.506 -0.544 -0.507 -0.500 -0.500 -0.500 34.899
-0.507 -0.543 -0.507 -0.500 -0.500 -0.500 34.909
-0.508 -0.541 -0.507 -0.500 -0.500 -0.500 34.919
-0.508 -0.538 -0.507 -0.500 -0.500 -0.500 34.929
-0.508 -0.534 -0.507 -0.500 -0.500 -0.500 34.939
-0.508 -0.529 -0.507 -0.500 -0.500 -0.500 34.949
-0.507 -0.525 -0.507 -0.500 -0.500 -0.500 34.959
-0.507 -0.521 -0.507 -0.500 -0.500 -0.500 34.969
-0.507 -0.516 -0.507 -0.500 -0.500 -0.500 34.979
-0.507 -0.512 -0.507 -0.500 -0.500 -0.500 34.989
-0.507 -0.507 -0.507 -0.500 -0.500 -0.500 34.999
-0.507 -0.504 -0.507 -0.500 -0.500 -0.500 35.009
-0.507 -0.501 -0.507 -0.500 -0.500 -0.500 35.019
-0.507 -0.498 -0.507 -0.500 -0.500 -0.500 35.029
-0.507 -0.495 -0.506 -0.500 -0.500 -0.500 35.039
-0.506 -0.493 -0.506 -0.500 -0.500 -0.500 35.049
-0.506 -0.492 -0.507 -0.500 -0.500 -0.500 35.059
-0.506 -0.490 -0.507 -0.500 -0.500 -0.500 35.069
-0.506 -0.489 -0.506 -0.500 -0.500 -0.500 35.079
-0.506 -0.487 -0.506 -0.500 -0.500 -0.500 35.089
-0.506 -0.487 -0.506 -0.500 -0.500 -0.500 35.099
-0.506 -0.487 -0.506 -0.500 -0.500 -0.500 35.109
-0.506 -0.487 -0.506 -0.500 -0.500 -0.500 35.119
-0.506 -0.487 -0.506 -0.500 -0.500 -0.500 35.129
-0.506 -0.487 -0.506 -0.500 -0.500 -0.500 35.139
-0.507 -0.487 -0.506 -0.500 -0.500 -0.500 35.149
-0.506 -0.487 -0.506 -0.500 -0.500 -0.500 35.159
-0.506 -0.488 -0.506 -0.500 -0.500 -0.500 35.169
-0.506 -0.488 -0.506 -0.500 -0.500 -0.500 35.179
-0.507 -0.488 -0.506 -0.500 -0.500 -0.500 35.189
-0.507 -0.488 -0.506 -0.500 -0.500 -0.500 35.199
-0.507 -0.488 -0.506 -0.500 -0.500 -0.500 35.209
-0.507 -0.488 -0.506 -0.500 -0.500 -0.500 35.219
-0.507 -0.488 -0.506 -0.500 -0.500 -0.500 35.229
-0.507 -0.488 -0.506 -0.500 -0.500 -0.500 35.239
-0.507 -0.488 -0.506 -0.500 -0.500 -0.500 35.249
-0.507 -0.488 -0.505 -0.500 -0.500 -0.500 35.259
-0.507 -0.488 -0.505 -0.500 -0.500 -0.500 35.269
-0.507 -0.488 -0.505 -0.500 -0.500 -0.500 35.279
-0.507 -0.488 -0.505 -0.500 -0.500 -0.500 35.289
-0.507 -0.489 -0.505 -0.500 -0.500 -0.500 35.299
-0.507 -0.489 -0.505 -0.500 -0.500 -0.500 35.309
-0.507 -0.489 -0.505 -0.500 -0.500 -0.500 35.319
-0.507 -0.489 -0.505 -0.500 -0.500 -0.500 35.329
-0.507 -0.489 -0.505 -0.500 -0.500 -0.500 35.339
-0.507 -0.489 -0.505 -0.500 -0.500 -0.500 35.349
-0.507 -0.489 -0.505 -0.500 -0.500 -0.500 35.359
-0.507 -0.489 -0.505 -0.500 -0.500 -0.500 35.369
-0.507 -0.489 -0.505 -0.500 -0.500 -0.500 35.379
-0.507 -0.489 -0.505 -0.500 -0.500 -0.500 35.389
-0.507 -0.489 -0.504 -0.500 -0.500 -0.500 35.399
-0.507 -0.489 -0.504 -0.500 -0.500 -0.500 35.409
-0.507 -0.489 -0.504 -0.500 -0.500 -0.500 35.419
-0.507 -0.490 -0.504 -0.500 -0.500 -0.500 35.429
-0.507 -0.490 -0.504 -0.500 -0.500 -0.500 35.439
-0.507 -0.490 -0.504 -0.500 -0.500 -0.500 35.449
-0.507 -0.490 -0.504 -0.500 -0.500 -0.500 35.459
-0.507 -0.490 -0.504 -0.500 -0.500 -0.500 35.469
-0.507 -0.490 -0.504 -0.500 -0.500 -0.500 35.479
-0.507 -0.490 -0.504 -0.500 -0.500 -0.500 35.489
-0.508 -0.490 -0.504 -0.500 -0.500 -0.500 35.499
-0.508 -0.490 -0.504 -0.500 -0.500 -0.500 35.509
-0.508 -0.490 -0.504 -0.500 -0.500 -0.500 35.519
-0.508 -0.490 -0.504 -0.500 -0.500 -0.500 35.529
-0.508 -0.490 -0.504 -0.500 -0.500 -0.500 35.539
-0.508 -0.490 -0.504 -0.500 -0.500 -0.500 35.549
-0.508 -0.490 -0.504 -0.500 -0.500 -0.500 35.559
-0.508 -0.490 -0.504 -0.500 -0.500 -0.500 35.569
-0.508 -0.490 -0.504 -0.500 -0.500 -0.500 35.579
-0.508 -0.491 -0.504 -0.500 -0.500 -0.500 35.589
-0.508 -0.491 -0.504 -0.500 -0.500 -0.500 35.599
-0.508 -0.491 -0.503 -0.500 -0.500 -0.500 35.609
-0.508 -0.491 -0.503 -0.500 -0.500 -0.500 35.619
-0.508 -0.491 -0.503 -0.500 -0.500 -0.500 35.629
-0.508 -0.491 -0.503 -0.500 -0.500 -0.500 35.639
-0.508 -0.491 -0.503 -0.500 -0.500 -0.500 35.649
-0.508 -0.491 -0.503 -0.500 -0.500 -0.500 35.659
-0.508 -0.491 -0.503 -0.500 -0.500 -0.500 35.669
-0.508 -0.491 -0.503 -0.500 -0.500 -0.500 35.679
-0.508 -0.491 -0.503 -0.500 -0.500 -0.500 35.689
-0.508 -0.491 -0.503 -0.500 -0.500 -0.500 35.699
-0.508 -0.491 -0.503 -0.500 -0.500 -0.500 35.709
-0.508 -0.491 -0.503 -0.500 -0.500 -0.500 35.719
-0.508 -0.491 -0.503 -0.500 -0.500 -0.500 35.729
-0.508 -0.492 -0.503 -0.500 -0.500 -0.500 35.738
-0.508 -0.492 -0.502 -0.500 -0.500 -0.500 35.748
-0.508 -0.492 -0.502 -0.500 -0.500 -0.500 35.758
-0.508 -0.492 -0.502 -0.500 -0.500 -0.500 35.768
-0.508 -0.492 -0.502 -0.500 -0.500 -0.500 35.778
-0.508 -0.492 -0.502 -0.500 -0.500 -0.500 35.788
-0.508 -0.492 -0.502 -0.500 -0.500 -0.500 35.798
-0.508 -0.492 -0.502 -0.500 -0.500 -0.500 35.808
-0.508 -0.492 -0.502 -0.500 -0.500 -0.500 35.818
-0.508 -0.492 -0.502 -0.500 -0.500 -0.500 35.829
-0.508 -0.492 -0.502 -0.500 -0.500 -0.500 35.838
-0.508 -0.492 -0.502 -0.500 -0.500 -0.500 35.848
-0.508 -0.492 -0.502 -0.500 -0.500 -0.500 35.858
-0.508 -0.492 -0.502 -0.500 -0.500 -0.500 35.868
-0.508 -0.493 -0.502 -0.500 -0.500 -0.500 35.878
-0.508 -0.493 -0.502 -0.500 -0.500 -0.500 35.888
-0.508 -0.493 -0.502 -0.500 -0.500 -0.500 35.899
-0.508 -0.493 -0.502 -0.500 -0.500 -0.500 35.908
-0.508 -0.493 -0.502 -0.500 -0.500 -0.500 35.918
-0.508 -0.492 -0.502 -0.500 -0.500 -0.500 35.928
-0.508 -0.492 -0.502 -0.500 -0.500 -0.500 35.938
-0.508 -0.493 -0.502 -0.500 -0.500 -0.500 35.948
-0.508 -0.493 -0.502 -0.500 -0.500 -0.500 35.958
-0.508 -0.493 -0.502 -0.500 -0.500 -0.500 35.968
-0.508 -0.493 -0.502 -0.500 -0.500 -0.500 35.978
-0.508 -0.493 -0.502 -0.500 -0.500 -0.500 35.988
-0.508 -0.493 -0.502 -0.500 -0.500 -0.500 35.998
-0.508 -0.493 -0.501 -0.500 -0.500 -0.500 36.008
-0.508 -0.493 -0.501 -0.500 -0.500 -0.500 36.018
-0.508 -0.493 -0.501 -0.500 -0.500 -0.500 36.028
-0.508 -0.493 -0.501 -0.500 -0.500 -0.500 36.038
-0.508 -0.493 -0.501 -0.500 -0.500 -0.500 36.048
-0.508 -0.493 -0.501 -0.500 -0.500 -0.500 36.058
-0.508 -0.493 -0.501 -0.500 -0.500 -0.500 36.068
-0.508 -0.493 -0.501 -0.500 -0.500 -0.500 36.078
-0.508 -0.493 -0.501 -0.500 -0.500 -0.500 36.088
-0.508 -0.493 -0.501 -0.500 -0.500 -0.500 36.098
-0.509 -0.493 -0.501 -0.500 -0.500 -0.500 36.108
-0.509 -0.493 -0.501 -0.500 -0.500 -0.500 36.118
-0.509 -0.493 -0.501 -0.500 -0.500 -0.500 36.128
-0.509 -0.493 -0.501 -0.500 -0.500 -0.500 36.138
-0.509 -0.493 -0.501 -0.500 -0.500 -0.500 36.148
-0.509 -0.494 -0.501 -0.500 -0.500 -0.500 36.158
-0.509 -0.494 -0.501 -0.500 -0.500 -0.500 36.168
-0.509 -0.494 -0.501 -0.500 -0.500 -0.500 36.178
-0.509 -0.494 -0.501 -0.500 -0.500 -0.500 36.188
-0.509 -0.494 -0.501 -0.500 -0.500 -0.500 36.198
-0.509 -0.494 -0.501 -0.500 -0.500 -0.500 36.208
-0.509 -0.494 -0.500 -0.500 -0.500 -0.500 36.218
-0.509 -0.494 -0.500 -0.500 -0.500 -0.500 36.228
-0.509 -0.494 -0.500 -0.500 -0.500 -0.500 36.238
-0.509 -0.494 -0.500 -0.500 -0.500 -0.500 36.248
-0.509 -0.494 -0.500 -0.500 -0.500 -0.500 36.258
-0.509 -0.494 -0.500 -0.500 -0.500 -0.500 36.268
-0.509 -0.494 -0.500 -0.500 -0.500 -0.500 36.278
-0.509 -0.494 -0.500 -0.500 -0.500 -0.500 36.288
-0.509 -0.494 -0.500 -0.500 -0.500 -0.500 36.298
-0.509 -0.494 -0.500 -0.500 -0.500 -0.500 36.308
-0.509 -0.494 -0.500 -0.500 -0.500 -0.500 36.318
-0.509 -0.494 -0.500 -0.500 -0.500 -0.500 36.328
-0.509 -0.494 -0.500 -0.500 -0.500 -0.500 36.338
-0.509 -0.495 -0.500 -0.500 -0.500 -0.500 36.348
-0.509 -0.495 -0.500 -0.500 -0.500 -0.500 36.358
-0.509 -0.494 -0.500 -0.500 -0.500 -0.500 36.368
-0.510 -0.494 -0.500 -0.500 -0.500 -0.500 36.378
-0.510 -0.494 -0.500 -0.500 -0.500 -0.500 36.388
-0.510 -0.494 -0.500 -0.500 -0.500 -0.500 36.398
-0.510 -0.494 -0.500 -0.500 -0.500 -0.500 36.408
-0.510 -0.494 -0.500 -0.500 -0.500 -0.500 36.418
-0.510 -0.494 -0.500 -0.500 -0.500 -0.500 36.428
-0.510 -0.494 -0.500 -0.500 -0.500 -0.500 36.438
-0.510 -0.494 -0.500 -0.500 -0.500 -0.500 36.448
-0.510 -0.494 -0.500 -0.500 -0.500 -0.500 36.458
-0.510 -0.494 -0.500 -0.500 -0.500 -0.500 36.468
-0.510 -0.494 -0.500 -0.500 -0.500 -0.500 36.478
-0.510 -0.494 -0.500 -0.500 -0.500 -0.500 36.488
-0.510 -0.494 -0.500 -0.500 -0.500 -0.500 36.498
-0.510 -0.495 -0.500 -0.500 -0.500 -0.500 36.508
-0.510 -0.495 -0.500 -0.500 -0.500 -0.500 36.518
-0.510 -0.495 -0.500 -0.500 -0.500 -0.500 36.528
-0.510 -0.495 -0.500 -0.500 -0.500 -0.500 36.538
-0.510 -0.495 -0.500 -0.500 -0.500 -0.500 36.548
-0.510 -0.494 -0.500 -0.500 -0.500 -0.500 36.558
-0.509 -0.494 -0.499 -0.500 -0.500 -0.500 36.568
-0.509 -0.494 -0.500 -0.500 -0.500 -0.500 36.578
-0.509 -0.495 -0.500 -0.500 -0.500 -0.500 36.588
-0.509 -0.495 -0.500 -0.500 -0.500 -0.500 36.598
-0.509 -0.495 -0.500 -0.500 -0.500 -0.500 36.608
-0.509 -0.495 -0.500 -0.500 -0.500 -0.500 36.618
-0.509 -0.495 -0.500 -0.500 -0.500 -0.500 36.628
-0.509 -0.495 -0.500 -0.500 -0.500 -0.500 36.638
-0.509 -0.495 -0.500 -0.500 -0.500 -0.500 36.648
-0.509 -0.495 -0.500 -0.500 -0.500 -0.500 36.658
-0.509 -0.495 -0.500 -0.500 -0.500 -0.500 36.668
-0.509 -0.495 -0.500 -0.500 -0.500 -0.500 36.678
-0.508 -0.495 -0.500 -0.500 -0.500 -0.500 36.688
-0.508 -0.495 -0.500 -0.500 -0.500 -0.500 36.698
-0.508 -0.495 -0.500 -0.500 -0.500 -0.500 36.708
-0.508 -0.495 -0.500 -0.500 -0.500 -0.500 36.718
-0.508 -0.495 -0.500 -0.500 -0.500 -0.500 36.728
-0.507 -0.495 -0.500 -0.500 -0.500 -0.500 36.738
-0.507 -0.495 -0.500 -0.500 -0.500 -0.500 36.748
-0.506 -0.495 -0.500 -0.500 -0.500 -0.500 36.758
-0.506 -0.495 -0.500 -0.500 -0.500 -0.500 36.768
-0.505 -0.495 -0.500 -0.500 -0.500 -0.500 36.778
-0.505 -0.495 -0.500 -0.500 -0.500 -0.500 36.788
-0.504 -0.496 -0.499 -0.500 -0.500 -0.500 36.798
-0.504 -0.495 -0.500 -0.500 -0.500 -0.500 36.808
-0.503 -0.496 -0.500 -0.500 -0.500 -0.500 36.818
-0.503 -0.496 -0.500 -0.500 -0.500 -0.500 36.828
-0.502 -0.496 -0.500 -0.500 -0.500 -0.500 36.838
-0.502 -0.496 -0.500 -0.500 -0.500 -0.500 36.848
-0.501 -0.496 -0.499 -0.500 -0.500 -0.500 36.858
-0.501 -0.495 -0.499 -0.500 -0.500 -0.500 36.868
-0.500 -0.496 -0.499 -0.500 -0.500 -0.500 36.878
-0.500 -0.496 -0.499 -0.500 -0.500 -0.500 36.888
-0.500 -0.495 -0.499 -0.500 -0.500 -0.500 36.898
-0.500 -0.495 -0.499 -0.500 -0.500 -0.500 36.908
-0.500 -0.496 -0.499 -0.500 -0.500 -0.500 36.918
-0.500 -0.496 -0.499 -0.500 -0.500 -0.500 36.928
-0.499 -0.495 -0.499 -0.500 -0.500 -0.500 36.938
-0.499 -0.496 -0.499 -0.500 -0.500 -0.500 36.948
-0.499 -0.496 -0.499 -0.500 -0.500 -0.500 36.958
-0.499 -0.496 -0.499 -0.500 -0.500 -0.500 36.967
-0.499 -0.496 -0.499 -0.500 -0.500 -0.500 36.977
-0.498 -0.496 -0.499 -0.500 -0.500 -0.500 36.987
-0.498 -0.496 -0.499 -0.500 -0.500 -0.500 36.996
-0.498 -0.496 -0.499 -0.500 -0.500 -0.500 37.005
-0.498 -0.496 -0.499 -0.500 -0.500 -0.500 37.015
-0.497 -0.496 -0.499 -0.500 -0.500 -0.500 37.025
-0.497 -0.496 -0.499 -0.500 -0.500 -0.500 37.035
-0.497 -0.496 -0.499 -0.500 -0.500 -0.500 37.045
-0.497 -0.496 -0.499 -0.500 -0.500 -0.500 37.055
-0.497 -0.496 -0.499 -0.500 -0.500 -0.500 37.065
-0.497 -0.496 -0.499 -0.500 -0.500 -0.500 37.075
-0.497 -0.496 -0.499 -0.500 -0.500 -0.500 37.085
-0.497 -0.496 -0.499 -0.500 -0.500 -0.500 37.095
-0.497 -0.496 -0.499 -0.500 -0.500 -0.500 37.105
-0.497 -0.496 -0.499 -0.500 -0.500 -0.500 37.115
-0.497 -0.496 -0.499 -0.500 -0.500 -0.500 37.125
-0.497 -0.496 -0.499 -0.500 -0.500 -0.500 37.135
-0.497 -0.496 -0.499 -0.500 -0.500 -0.500 37.145
-0.497 -0.496 -0.499 -0.500 -0.500 -0.500 37.155
-0.497 -0.497 -0.499 -0.500 -0.500 -0.500 37.165
-0.498 -0.496 -0.499 -0.500 -0.500 -0.500 37.174
-0.498 -0.496 -0.499 -0.500 -0.500 -0.500 37.184
-0.498 -0.496 -0.499 -0.500 -0.500 -0.500 37.194
-0.498 -0.496 -0.499 -0.500 -0.500 -0.500 37.204
-0.497 -0.496 -0.499 -0.500 -0.500 -0.500 37.214
-0.497 -0.496 -0.499 -0.500 -0.500 -0.500 37.224
-0.497 -0.496 -0.499 -0.500 -0.500 -0.500 37.234
-0.497 -0.496 -0.499 -0.500 -0.500 -0.500 37.244
-0.497 -0.497 -0.499 -0.500 -0.500 -0.500 37.254
-0.497 -0.497 -0.499 -0.500 -0.500 -0.500 37.264
-0.497 -0.497 -0.499 -0.500 -0.500 -0.500 37.274
-0.497 -0.497 -0.499 -0.500 -0.500 -0.500 37.284
-0.497 -0.497 -0.499 -0.500 -0.500 -0.500 37.294
-0.497 -0.497 -0.499 -0.500 -0.500 -0.500 37.304
-0.497 -0.497 -0.499 -0.500 -0.500 -0.500 37.314
-0.497 -0.497 -0.499 -0.500 -0.500 -0.500 37.324
-0.497 -0.497 -0.499 -0.500 -0.500 -0.500 37.334
-0.497 -0.497 -0.499 -0.500 -0.500 -0.500 37.344
-0.497 -0.497 -0.499 -0.500 -0.500 -0.500 37.354
-0.497 -0.497 -0.499 -0.500 -0.500 -0.500 37.364
-0.497 -0.497 -0.499 -0.500 -0.500 -0.500 37.374
-0.497 -0.497 -0.499 -0.500 -0.500 -0.500 37.384
-0.497 -0.497 -0.499 -0.500 -0.500 -0.500 37.394
-0.497 -0.497 -0.499 -0.500 -0.500 -0.500 37.404
-0.497 -0.497 -0.499 -0.500 -0.500 -0.500 37.414
-0.497 -0.497 -0.499 -0.500 -0.500 -0.500 37.424
-0.497 -0.497 -0.499 -0.500 -0.500 -0.500 37.434
-0.497 -0.497 -0.499 -0.500 -0.500 -0.500 37.444
-0.497 -0.497 -0.499 -0.500 -0.500 -0.500 37.454
-0.497 -0.497 -0.499 -0.500 -0.500 -0.500 37.464
-0.497 -0.497 -0.499 -0.500 -0.500 -0.500 37.474
-0.497 -0.497 -0.499 -0.500 -0.500 -0.500 37.484
-0.497 -0.497 -0.499 -0.500 -0.500 -0.500 37.494
-0.497 -0.497 -0.499 -0.500 -0.500 -0.500 37.504
-0.497 -0.497 -0.499 -0.500 -0.500 -0.500 37.514
-0.497 -0.497 -0.499 -0.500 -0.500 -0.500 37.524
-0.497 -0.497 -0.499 -0.500 -0.500 -0.500 37.534
-0.497 -0.497 -0.499 -0.500 -0.500 -0.500 37.544
-0.497 -0.497 -0.499 -0.500 -0.500 -0.500 37.554
-0.497 -0.497 -0.499 -0.500 -0.500 -0.500 37.564
-0.497 -0.497 -0.499 -0.500 -0.500 -0.500 37.573
-0.497 -0.497 -0.499 -0.500 -0.500 -0.500 37.584
-0.497 -0.497 -0.499 -0.500 -0.500 -0.500 37.594
-0.497 -0.497 -0.499 -0.500 -0.500 -0.500 37.604
-0.497 -0.497 -0.499 -0.500 -0.500 -0.500 37.614
-0.497 -0.497 -0.499 -0.500 -0.500 -0.500 37.624
-0.497 -0.497 -0.499 -0.500 -0.500 -0.500 37.634
-0.497 -0.497 -0.499 -0.500 -0.500 -0.500 37.644
-0.497 -0.497 -0.499 -0.500 -0.500 -0.500 37.654
