-0.009 0.018 0.099 -0.014 0.019 0.095 16.155
-0.009 0.018 0.099 -0.014 0.019 0.095 16.165
-0.010 0.018 0.099 -0.014 0.019 0.095 16.175
-0.010 0.018 0.099 -0.014 0.019 0.095 16.185
-0.010 0.018 0.099 -0.014 0.019 0.095 16.195
-0.010 0.018 0.099 -0.014 0.019 0.095 16.205
-0.010 0.018 0.099 -0.014 0.019 0.095 16.215
-0.010 0.018 0.099 -0.014 0.019 0.095 16.225
-0.010 0.018 0.099 -0.014 0.019 0.095 16.235
-0.010 0.018 0.099 -0.014 0.019 0.095 16.245
-0.010 0.018 0.099 -0.014 0.019 0.095 16.255
-0.010 0.018 0.099 -0.014 0.019 0.095 16.265
-0.010 0.018 0.099 -0.014 0.019 0.095 16.275
-0.010 0.018 0.099 -0.014 0.019 0.095 16.285
-0.010 0.018 0.099 -0.014 0.019 0.095 16.295
-0.010 0.018 0.099 -0.014 0.019 0.095 16.305
-0.010 0.018 0.099 -0.014 0.019 0.095 16.315
-0.010 0.018 0.099 -0.014 0.019 0.095 16.325
-0.010 0.018 0.099 -0.014 0.019 0.095 16.335
-0.010 0.018 0.099 -0.014 0.019 0.095 16.345
-0.010 0.018 0.099 -0.014 0.019 0.095 16.356
-0.010 0.018 0.099 -0.014 0.019 0.095 16.365
-0.010 0.018 0.099 -0.014 0.019 0.095 16.376
-0.010 0.018 0.099 -0.014 0.019 0.095 16.385
-0.010 0.018 0.099 -0.014 0.019 0.095 16.396
-0.010 0.018 0.099 -0.014 0.019 0.095 16.405
-0.010 0.018 0.099 -0.014 0.019 0.095 16.415
-0.010 0.018 0.099 -0.014 0.019 0.095 16.426
-0.010 0.018 0.099 -0.014 0.019 0.095 16.435
-0.010 0.018 0.099 -0.014 0.019 0.095 16.446
-0.010 0.018 0.099 -0.014 0.019 0.095 16.455
-0.010 0.018 0.099 -0.014 0.019 0.095 16.465
-0.010 0.018 0.099 -0.014 0.019 0.095 16.475
-0.010 0.018 0.099 -0.014 0.019 0.095 16.485
-0.010 0.018 0.099 -0.014 0.019 0.095 16.495
-0.010 0.018 0.099 -0.014 0.019 0.095 16.505
-0.010 0.018 0.099 -0.014 0.019 0.095 16.515
-0.010 0.018 0.099 -0.014 0.019 0.095 16.525
-0.010 0.018 0.099 -0.014 0.019 0.095 16.535
-0.010 0.018 0.099 -0.014 0.019 0.095 16.545
-0.010 0.018 0.099 -0.014 0.019 0.095 16.555
-0.010 0.018 0.099 -0.014 0.019 0.095 16.565
-0.010 0.018 0.099 -0.014 0.019 0.095 16.575
-0.010 0.018 0.099 -0.014 0.019 0.095 16.585
-0.010 0.018 0.099 -0.014 0.019 0.095 16.595
-0.010 0.018 0.099 -0.014 0.019 0.095 16.605
-0.010 0.018 0.099 -0.014 0.019 0.095 16.615
-0.010 0.018 0.099 -0.014 0.019 0.095 16.625
-0.010 0.018 0.099 -0.014 0.019 0.095 16.635
-0.010 0.018 0.099 -0.014 0.019 0.095 16.645
-0.010 0.018 0.099 -0.014 0.019 0.095 16.655
-0.010 0.018 0.099 -0.014 0.019 0.095 16.665
-0.010 0.018 0.099 -0.014 0.019 0.095 16.675
-0.010 0.018 0.099 -0.014 0.019 0.095 16.685
-0.010 0.018 0.099 -0.014 0.019 0.095 16.695
-0.010 0.018 0.099 -0.014 0.019 0.095 16.705
-0.010 0.018 0.099 -0.014 0.019 0.095 16.715
-0.010 0.018 0.099 -0.014 0.019 0.095 16.725
-0.010 0.018 0.099 -0.014 0.019 0.095 16.735
-0.010 0.018 0.099 -0.014 0.019 0.095 16.745
-0.010 0.018 0.099 -0.014 0.019 0.095 16.755
-0.010 0.018 0.099 -0.014 0.019 0.095 16.765
-0.010 0.018 0.099 -0.014 0.019 0.095 16.775
-0.010 0.018 0.099 -0.014 0.019 0.095 16.785
-0.010 0.018 0.099 -0.014 0.019 0.095 16.795
-0.010 0.018 0.099 -0.014 0.019 0.095 16.805
-0.010 0.018 0.099 -0.014 0.019 0.095 16.815
-0.010 0.018 0.099 -0.014 0.019 0.095 16.825
-0.010 0.018 0.099 -0.014 0.019 0.095 16.835
-0.010 0.018 0.099 -0.014 0.019 0.095 16.845
-0.010 0.018 0.099 -0.014 0.019 0.095 16.855
-0.010 0.018 0.099 -0.014 0.019 0.095 16.865
-0.010 0.018 0.099 -0.014 0.019 0.095 16.875
-0.010 0.018 0.099 -0.014 0.019 0.095 16.885
-0.010 0.018 0.099 -0.014 0.019 0.095 16.895
-0.010 0.018 0.099 -0.014 0.019 0.095 16.905
-0.010 0.018 0.099 -0.014 0.019 0.095 16.915
-0.010 0.018 0.099 -0.014 0.019 0.095 16.925
-0.010 0.018 0.099 -0.014 0.019 0.095 16.935
-0.010 0.018 0.099 -0.014 0.019 0.095 16.945
-0.010 0.018 0.099 -0.014 0.019 0.095 16.956
-0.010 0.018 0.099 -0.014 0.019 0.095 16.965
-0.010 0.018 0.099 -0.014 0.019 0.095 16.975
-0.010 0.018 0.099 -0.014 0.019 0.095 16.985
-0.010 0.018 0.099 0.500 0.500 0.500 16.995
-0.010 0.018 0.099 0.500 0.500 0.500 17.005
-0.010 0.018 0.099 0.500 0.500 0.500 17.015
-0.010 0.018 0.099 0.500 0.500 0.500 17.025
-0.008 0.026 0.118 0.500 0.500 0.500 17.035
0.007 0.063 0.160 0.500 0.500 0.500 17.045
0.045 0.115 0.217 0.500 0.500 0.500 17.055
0.106 0.169 0.286 0.500 0.500 0.500 17.065
0.184 0.236 0.365 0.500 0.500 0.500 17.075
0.268 0.302 0.445 0.500 0.500 0.500 17.085
0.350 0.366 0.511 0.500 0.500 0.500 17.095
0.429 0.430 0.574 0.500 0.500 0.500 17.105
0.497 0.490 0.623 0.500 0.500 0.500 17.115
0.559 0.539 0.652 0.500 0.500 0.500 17.125
0.617 0.577 0.661 0.500 0.500 0.500 17.135
0.667 0.609 0.661 0.500 0.500 0.500 17.145
0.704 0.632 0.662 0.500 0.500 0.500 17.155
0.725 0.651 0.662 0.500 0.500 0.500 17.165
0.727 0.661 0.655 0.500 0.500 0.500 17.175
0.719 0.661 0.639 0.500 0.500 0.500 17.185
0.704 0.658 0.623 0.500 0.500 0.500 17.195
0.683 0.657 0.608 0.500 0.500 0.500 17.205
0.663 0.657 0.593 0.500 0.500 0.500 17.215
0.650 0.655 0.581 0.500 0.500 0.500 17.225
0.641 0.651 0.572 0.500 0.500 0.500 17.235
0.635 0.649 0.567 0.500 0.500 0.500 17.245
0.632 0.644 0.563 0.500 0.500 0.500 17.255
0.630 0.638 0.557 0.500 0.500 0.500 17.265
0.628 0.630 0.551 0.500 0.500 0.500 17.275
0.625 0.621 0.545 0.500 0.500 0.500 17.285
0.622 0.610 0.538 0.500 0.500 0.500 17.295
0.617 0.597 0.529 0.500 0.500 0.500 17.305
0.609 0.583 0.520 0.500 0.500 0.500 17.315
0.601 0.567 0.512 0.500 0.500 0.500 17.325
0.592 0.550 0.505 0.500 0.500 0.500 17.335
0.582 0.534 0.498 0.500 0.500 0.500 17.345
0.572 0.522 0.494 0.500 0.500 0.500 17.355
0.561 0.513 0.490 0.500 0.500 0.500 17.365
0.552 0.504 0.487 0.500 0.500 0.500 17.375
0.545 0.496 0.487 0.500 0.500 0.500 17.385
0.539 0.489 0.487 0.500 0.500 0.500 17.395
0.532 0.482 0.488 0.500 0.500 0.500 17.405
0.526 0.478 0.487 0.500 0.500 0.500 17.415
0.520 0.475 0.486 0.500 0.500 0.500 17.425
0.515 0.474 0.486 0.500 0.500 0.500 17.435
0.510 0.473 0.486 0.500 0.500 0.500 17.445
0.505 0.472 0.487 0.500 0.500 0.500 17.455
0.500 0.472 0.487 0.500 0.500 0.500 17.465
0.498 0.472 0.486 0.500 0.500 0.500 17.475
0.496 0.471 0.486 0.500 0.500 0.500 17.485
0.496 0.471 0.487 0.500 0.500 0.500 17.495
0.496 0.471 0.488 0.500 0.500 0.500 17.505
0.496 0.472 0.487 0.500 0.500 0.500 17.515
0.495 0.472 0.486 0.500 0.500 0.500 17.525
0.496 0.471 0.486 0.500 0.500 0.500 17.535
0.496 0.471 0.487 0.500 0.500 0.500 17.545
0.496 0.471 0.487 0.500 0.500 0.500 17.555
0.495 0.471 0.486 0.500 0.500 0.500 17.565
0.495 0.470 0.486 0.500 0.500 0.500 17.575
0.496 0.469 0.486 0.500 0.500 0.500 17.585
0.496 0.469 0.487 0.500 0.500 0.500 17.595
0.496 0.469 0.487 0.500 0.500 0.500 17.605
0.496 0.469 0.487 0.500 0.500 0.500 17.615
0.496 0.469 0.487 0.500 0.500 0.500 17.625
0.496 0.468 0.487 0.500 0.500 0.500 17.635
0.496 0.468 0.487 0.500 0.500 0.500 17.645
0.496 0.468 0.487 0.500 0.500 0.500 17.655
0.495 0.468 0.487 0.500 0.500 0.500 17.665
0.496 0.468 0.487 0.500 0.500 0.500 17.675
0.496 0.468 0.487 0.500 0.500 0.500 17.685
0.496 0.468 0.487 0.500 0.500 0.500 17.695
0.496 0.468 0.487 0.500 0.500 0.500 17.705
0.496 0.468 0.487 0.500 0.500 0.500 17.715
0.496 0.467 0.487 0.500 0.500 0.500 17.725
0.496 0.467 0.487 0.500 0.500 0.500 17.735
0.496 0.468 0.487 0.500 0.500 0.500 17.745
0.496 0.468 0.487 0.500 0.500 0.500 17.755
0.496 0.467 0.487 0.500 0.500 0.500 17.765
0.496 0.467 0.487 0.500 0.500 0.500 17.775
0.496 0.467 0.487 0.500 0.500 0.500 17.785
0.496 0.467 0.487 0.500 0.500 0.500 17.795
0.496 0.467 0.487 0.500 0.500 0.500 17.805
0.496 0.467 0.487 0.500 0.500 0.500 17.815
0.496 0.467 0.487 0.500 0.500 0.500 17.825
0.496 0.467 0.487 0.500 0.500 0.500 17.835
0.496 0.467 0.487 0.500 0.500 0.500 17.845
0.496 0.467 0.487 0.500 0.500 0.500 17.855
0.496 0.467 0.487 0.500 0.500 0.500 17.865
0.496 0.467 0.487 0.500 0.500 0.500 17.875
0.496 0.467 0.487 0.500 0.500 0.500 17.885
0.496 0.467 0.487 0.500 0.500 0.500 17.895
0.496 0.467 0.487 0.500 0.500 0.500 17.905
0.496 0.467 0.487 0.500 0.500 0.500 17.916
0.496 0.467 0.487 0.500 0.500 0.500 17.925
0.496 0.467 0.487 0.500 0.500 0.500 17.935
0.496 0.467 0.487 0.500 0.500 0.500 17.945
0.496 0.467 0.487 0.500 0.500 0.500 17.955
0.496 0.467 0.487 0.500 0.500 0.500 17.965
0.496 0.467 0.487 0.500 0.500 0.500 17.975
0.496 0.467 0.487 0.500 0.500 0.500 17.985
0.496 0.467 0.487 0.500 0.500 0.500 17.995
0.496 0.467 0.487 0.500 0.500 0.500 18.005
0.496 0.467 0.487 0.500 0.500 0.500 18.015
0.496 0.467 0.487 0.500 0.500 0.500 18.025
0.496 0.467 0.487 0.500 0.500 0.500 18.035
0.496 0.467 0.487 0.500 0.500 0.500 18.045
0.496 0.467 0.487 0.500 0.500 0.500 18.055
0.496 0.467 0.487 0.500 0.500 0.500 18.065
0.496 0.467 0.487 0.500 0.500 0.500 18.075
0.496 0.467 0.487 0.500 0.500 0.500 18.085
0.496 0.467 0.487 0.500 0.500 0.500 18.095
0.496 0.467 0.487 0.500 0.500 0.500 18.105
0.496 0.467 0.487 0.500 0.500 0.500 18.115
0.496 0.467 0.487 0.500 0.500 0.500 18.125
0.496 0.467 0.487 0.500 0.500 0.500 18.135
0.496 0.467 0.487 0.500 0.500 0.500 18.143
0.496 0.467 0.487 0.500 0.500 0.500 18.152
0.496 0.467 0.487 0.500 0.500 0.500 18.161
0.496 0.467 0.487 0.500 0.500 0.500 18.171
0.496 0.467 0.487 0.500 0.500 0.500 18.181
0.496 0.467 0.487 0.500 0.500 0.500 18.191
0.496 0.467 0.487 0.500 0.500 0.500 18.201
0.496 0.467 0.487 0.500 0.500 0.500 18.211
0.496 0.467 0.487 0.500 0.500 0.500 18.221
0.496 0.467 0.487 0.500 0.500 0.500 18.231
0.496 0.467 0.487 0.500 0.500 0.500 18.241
0.496 0.467 0.487 0.500 0.500 0.500 18.251
0.496 0.467 0.487 0.500 0.500 0.500 18.261
0.496 0.467 0.487 0.500 0.500 0.500 18.271
0.496 0.467 0.487 0.500 0.500 0.500 18.281
0.496 0.467 0.487 0.500 0.500 0.500 18.291
0.496 0.467 0.487 0.500 0.500 0.500 18.301
0.496 0.467 0.487 0.500 0.500 0.500 18.311
0.496 0.467 0.487 0.500 0.500 0.500 18.321
0.496 0.467 0.487 0.500 0.500 0.500 18.331
0.496 0.467 0.487 0.500 0.500 0.500 18.341
0.496 0.467 0.487 0.500 0.500 0.500 18.351
0.496 0.467 0.487 0.500 0.500 0.500 18.361
0.496 0.467 0.487 0.500 0.500 0.500 18.371
0.496 0.467 0.487 0.500 0.500 0.500 18.381
0.496 0.467 0.487 0.500 0.500 0.500 18.391
0.496 0.467 0.487 0.500 0.500 0.500 18.401
0.496 0.467 0.487 0.500 0.500 0.500 18.411
0.496 0.466 0.487 0.500 0.500 0.500 18.421
0.496 0.466 0.487 0.500 0.500 0.500 18.431
0.496 0.466 0.487 0.500 0.500 0.500 18.441
0.496 0.466 0.487 0.500 0.500 0.500 18.451
0.496 0.466 0.487 0.500 0.500 0.500 18.461
0.496 0.466 0.487 0.500 0.500 0.500 18.471
0.496 0.466 0.487 0.500 0.500 0.500 18.481
0.496 0.466 0.487 0.500 0.500 0.500 18.491
0.496 0.466 0.487 0.500 0.500 0.500 18.501
0.496 0.466 0.487 0.500 0.500 0.500 18.511
0.496 0.466 0.487 0.500 0.500 0.500 18.521
0.496 0.466 0.487 0.500 0.500 0.500 18.531
0.496 0.466 0.487 0.500 0.500 0.500 18.541
0.496 0.466 0.487 0.500 0.500 0.500 18.551
0.496 0.466 0.487 0.500 0.500 0.500 18.561
0.496 0.466 0.487 0.500 0.500 0.500 18.571
0.496 0.466 0.487 0.500 0.500 0.500 18.581
0.496 0.466 0.487 0.500 0.500 0.500 18.591
0.496 0.466 0.487 0.500 0.500 0.500 18.601
0.496 0.466 0.487 0.500 0.500 0.500 18.611
0.496 0.466 0.487 0.500 0.500 0.500 18.621
0.496 0.466 0.487 0.500 0.500 0.500 18.631
0.496 0.466 0.487 0.500 0.500 0.500 18.641
0.496 0.466 0.487 0.500 0.500 0.500 18.651
0.496 0.466 0.487 0.500 0.500 0.500 18.661
0.496 0.466 0.487 0.500 0.500 0.500 18.671
0.496 0.466 0.487 0.500 0.500 0.500 18.681
0.496 0.466 0.487 0.500 0.500 0.500 18.691
0.496 0.466 0.487 0.500 0.500 0.500 18.701
0.496 0.466 0.487 0.500 0.500 0.500 18.711
0.496 0.466 0.487 0.500 0.500 0.500 18.721
0.496 0.466 0.487 0.500 0.500 0.500 18.731
0.496 0.466 0.487 0.500 0.500 0.500 18.741
0.496 0.466 0.487 0.500 0.500 0.500 18.751
0.496 0.466 0.487 0.500 0.500 0.500 18.761
0.496 0.466 0.487 0.500 0.500 0.500 18.771
0.496 0.466 0.487 0.500 0.500 0.500 18.781
0.496 0.466 0.487 0.500 0.500 0.500 18.791
0.496 0.466 0.487 0.500 0.500 0.500 18.801
0.496 0.466 0.487 0.500 0.500 0.500 18.811
0.496 0.466 0.487 0.500 0.500 0.500 18.821
0.496 0.466 0.487 0.500 0.500 0.500 18.831
0.496 0.466 0.487 0.500 0.500 0.500 18.841
0.496 0.466 0.487 0.500 0.500 0.500 18.851
0.496 0.466 0.487 0.500 0.500 0.500 18.861
0.496 0.466 0.487 0.500 0.500 0.500 18.871
0.496 0.466 0.487 0.500 0.500 0.500 18.881
0.496 0.466 0.487 0.500 0.500 0.500 18.891
0.496 0.466 0.487 0.500 0.500 0.500 18.901
0.496 0.466 0.487 0.500 0.500 0.500 18.911
0.496 0.466 0.487 0.500 0.500 0.500 18.921
0.496 0.466 0.487 0.500 0.500 0.500 18.931
0.496 0.466 0.487 0.500 0.500 0.500 18.941
0.496 0.466 0.487 0.500 0.500 0.500 18.950
0.496 0.466 0.487 0.500 0.500 0.500 18.961
0.496 0.466 0.487 0.500 0.500 0.500 18.971
0.496 0.466 0.487 0.500 0.500 0.500 18.981
0.496 0.466 0.487 0.500 0.500 0.500 18.991
0.496 0.466 0.487 0.500 0.500 0.500 19.001
0.496 0.466 0.487 0.500 0.500 0.500 19.011
0.496 0.466 0.487 0.500 0.500 0.500 19.021
0.496 0.466 0.487 0.500 0.500 0.500 19.031
0.496 0.466 0.487 0.500 0.500 0.500 19.041
0.496 0.466 0.487 0.500 0.500 0.500 19.051
0.496 0.466 0.487 0.500 0.500 0.500 19.061
0.496 0.466 0.487 0.500 0.500 0.500 19.071
0.496 0.466 0.487 0.500 0.500 0.500 19.081
0.496 0.466 0.487 0.500 0.500 0.500 19.091
0.496 0.466 0.487 0.500 0.500 0.500 19.101
0.496 0.466 0.487 0.500 0.500 0.500 19.111
0.496 0.466 0.487 0.500 0.500 0.500 19.121
0.496 0.466 0.487 0.500 0.500 0.500 19.131
0.496 0.466 0.487 0.500 0.500 0.500 19.141
0.496 0.466 0.487 0.500 0.500 0.500 19.151
0.496 0.466 0.487 0.500 0.500 0.500 19.161
0.496 0.466 0.487 0.500 0.500 0.500 19.171
0.496 0.466 0.487 0.500 0.500 0.500 19.181
0.496 0.466 0.487 0.500 0.500 0.500 19.191
0.496 0.466 0.487 0.500 0.500 0.500 19.201
0.496 0.466 0.487 0.500 0.500 0.500 19.210
0.496 0.466 0.487 0.500 0.500 0.500 19.221
0.496 0.466 0.487 0.500 0.500 0.500 19.231
0.496 0.466 0.487 0.500 0.500 0.500 19.241
0.496 0.466 0.487 0.500 0.500 0.500 19.251
0.496 0.466 0.487 0.500 0.500 0.500 19.261
0.496 0.466 0.487 0.500 0.500 0.500 19.271
0.496 0.466 0.487 0.500 0.500 0.500 19.281
0.496 0.466 0.487 0.500 0.500 0.500 19.291
0.496 0.466 0.487 0.500 0.500 0.500 19.301
0.496 0.466 0.487 0.500 0.500 0.500 19.311
0.496 0.466 0.487 0.500 0.500 0.500 19.321
0.496 0.466 0.487 0.500 0.500 0.500 19.331
0.496 0.466 0.487 0.500 0.500 0.500 19.341
0.496 0.466 0.487 0.500 0.500 0.500 19.351
0.496 0.466 0.487 0.500 0.500 0.500 19.361
0.496 0.466 0.487 0.500 0.500 0.500 19.371
0.496 0.466 0.487 0.500 0.500 0.500 19.381
0.496 0.466 0.487 0.500 0.500 0.500 19.391
0.496 0.466 0.487 0.500 0.500 0.500 19.401
0.496 0.466 0.487 0.500 0.500 0.500 19.411
0.496 0.466 0.487 0.500 0.500 0.500 19.421
0.496 0.466 0.487 0.500 0.500 0.500 19.431
0.496 0.466 0.487 0.500 0.500 0.500 19.441
0.496 0.466 0.487 0.500 0.500 0.500 19.451
0.496 0.466 0.487 0.500 0.500 0.500 19.461
0.496 0.466 0.487 0.500 0.500 0.500 19.471
0.496 0.466 0.487 0.500 0.500 0.500 19.481
0.496 0.466 0.487 0.500 0.500 0.500 19.491
0.496 0.466 0.487 0.500 0.500 0.500 19.501
0.496 0.466 0.487 0.500 0.500 0.500 19.511
0.497 0.466 0.487 0.500 0.500 0.500 19.521
0.497 0.466 0.487 0.500 0.500 0.500 19.531
0.497 0.466 0.487 0.500 0.500 0.500 19.541
0.496 0.466 0.487 0.500 0.500 0.500 19.551
0.496 0.466 0.487 0.500 0.500 0.500 19.561
0.496 0.466 0.487 0.500 0.500 0.500 19.571
0.496 0.466 0.487 0.500 0.500 0.500 19.581
0.497 0.466 0.487 0.500 0.500 0.500 19.591
0.497 0.466 0.487 0.500 0.500 0.500 19.601
0.497 0.466 0.487 0.500 0.500 0.500 19.611
0.497 0.466 0.487 0.500 0.500 0.500 19.621
0.497 0.466 0.487 0.500 0.500 0.500 19.631
0.497 0.466 0.487 0.500 0.500 0.500 19.641
0.497 0.466 0.487 0.500 0.500 0.500 19.651
0.497 0.466 0.487 0.500 0.500 0.500 19.661
0.497 0.466 0.487 0.500 0.500 0.500 19.671
0.497 0.466 0.487 0.500 0.500 0.500 19.681
0.497 0.466 0.487 0.500 0.500 0.500 19.691
0.497 0.466 0.487 0.500 0.500 0.500 19.701
0.497 0.466 0.487 0.500 0.500 0.500 19.711
0.497 0.466 0.486 0.500 0.500 0.500 19.721
0.497 0.466 0.486 0.500 0.500 0.500 19.731
0.497 0.466 0.486 0.500 0.500 0.500 19.741
0.497 0.466 0.486 0.500 0.500 0.500 19.751
0.497 0.466 0.486 0.500 0.500 0.500 19.761
0.497 0.466 0.486 0.500 0.500 0.500 19.771
0.497 0.466 0.486 0.500 0.500 0.500 19.781
0.497 0.466 0.486 0.500 0.500 0.500 19.791
0.497 0.466 0.486 0.500 0.500 0.500 19.801
0.497 0.466 0.486 0.500 0.500 0.500 19.811
0.497 0.466 0.486 0.500 0.500 0.500 19.821
0.497 0.466 0.486 0.500 0.500 0.500 19.831
0.497 0.466 0.486 0.500 0.500 0.500 19.841
0.497 0.466 0.486 0.500 0.500 0.500 19.851
0.497 0.466 0.486 0.500 0.500 0.500 19.861
0.497 0.466 0.486 0.500 0.500 0.500 19.871
0.497 0.466 0.486 0.500 0.500 0.500 19.881
0.497 0.466 0.486 0.500 0.500 0.500 19.891
0.497 0.466 0.486 0.500 0.500 0.500 19.901
0.497 0.466 0.486 0.500 0.500 0.500 19.911
0.497 0.466 0.486 0.500 0.500 0.500 19.921
0.497 0.466 0.486 0.500 0.500 0.500 19.931
0.497 0.466 0.486 0.500 0.500 0.500 19.941
0.497 0.466 0.486 0.500 0.500 0.500 19.951
0.497 0.466 0.486 0.500 0.500 0.500 19.961
0.497 0.466 0.486 0.500 0.500 0.500 19.971
0.497 0.466 0.486 0.500 0.500 0.500 19.981
0.497 0.466 0.486 0.000 -0.000 0.000 19.991
0.497 0.466 0.486 0.000 -0.000 0.000 20.001
0.497 0.466 0.486 0.000 -0.000 0.000 20.011
0.497 0.466 0.486 0.000 -0.000 0.000 20.021
0.493 0.459 0.466 0.000 -0.000 0.000 20.031
0.469 0.436 0.423 0.000 -0.000 0.000 20.041
0.422 0.382 0.362 0.000 -0.000 0.000 20.051
0.362 0.305 0.288 0.000 -0.000 0.000 20.061
0.297 0.215 0.209 0.000 -0.000 0.000 20.071
0.223 0.122 0.131 0.000 -0.000 0.000 20.081
0.151 0.039 0.049 0.000 -0.000 0.000 20.091
0.083 -0.028 -0.020 0.000 -0.000 0.000 20.101
0.016 -0.083 -0.075 0.000 -0.000 0.000 20.111
-0.045 -0.131 -0.119 0.000 -0.000 0.000 20.121
-0.099 -0.158 -0.143 0.000 -0.000 0.000 20.131
-0.145 -0.160 -0.148 0.000 -0.000 0.000 20.141
-0.185 -0.159 -0.148 0.000 -0.000 0.000 20.151
-0.214 -0.156 -0.149 0.000 -0.000 0.000 20.161
-0.229 -0.146 -0.146 0.000 -0.000 0.000 20.171
-0.233 -0.134 -0.139 0.000 -0.000 0.000 20.181
-0.233 -0.127 -0.134 0.000 -0.000 0.000 20.191
-0.231 -0.124 -0.127 0.000 -0.000 0.000 20.201
-0.227 -0.121 -0.119 0.000 -0.000 0.000 20.211
-0.221 -0.117 -0.112 0.000 -0.000 0.000 20.221
-0.213 -0.115 -0.103 0.000 -0.000 0.000 20.231
-0.202 -0.109 -0.094 0.000 -0.000 0.000 20.241
-0.192 -0.099 -0.083 0.000 -0.000 0.000 20.251
-0.183 -0.087 -0.072 0.000 -0.000 0.000 20.261
-0.175 -0.074 -0.061 0.000 -0.000 0.000 20.271
-0.162 -0.059 -0.050 0.000 -0.000 0.000 20.281
-0.139 -0.045 -0.041 0.000 -0.000 0.000 20.291
-0.115 -0.038 -0.034 0.000 -0.000 0.000 20.301
-0.101 -0.030 -0.029 0.000 -0.000 0.000 20.311
-0.091 -0.018 -0.023 0.000 -0.000 0.000 20.321
-0.077 -0.012 -0.016 0.000 -0.000 0.000 20.331
-0.063 -0.010 -0.011 0.000 -0.000 0.000 20.341
-0.052 -0.006 -0.006 0.000 -0.000 0.000 20.351
-0.044 -0.001 -0.003 0.000 -0.000 0.000 20.361
-0.037 0.003 0.000 0.000 -0.000 0.000 20.371
-0.031 0.006 0.003 0.000 -0.000 0.000 20.381
-0.023 0.006 0.004 0.000 -0.000 0.000 20.391
-0.019 0.008 0.005 0.000 -0.000 0.000 20.401
-0.016 0.010 0.006 0.000 -0.000 0.000 20.411
-0.011 0.010 0.007 0.000 -0.000 0.000 20.421
-0.005 0.010 0.008 0.000 -0.000 0.000 20.431
-0.001 0.010 0.008 0.000 -0.000 0.000 20.441
0.001 0.010 0.008 0.000 -0.000 0.000 20.451
0.004 0.010 0.008 0.000 -0.000 0.000 20.461
0.007 0.009 0.008 0.000 -0.000 0.000 20.471
0.009 0.009 0.008 0.000 -0.000 0.000 20.481
0.011 0.009 0.008 0.000 -0.000 0.000 20.491
0.014 0.009 0.008 0.000 -0.000 0.000 20.501
0.016 0.009 0.008 0.000 -0.000 0.000 20.511
0.016 0.009 0.008 0.000 -0.000 0.000 20.521
0.016 0.009 0.008 0.000 -0.000 0.000 20.531
0.016 0.009 0.008 0.000 -0.000 0.000 20.541
0.016 0.009 0.009 0.000 -0.000 0.000 20.551
0.016 0.009 0.009 0.000 -0.000 0.000 20.561
0.016 0.009 0.009 0.000 -0.000 0.000 20.571
0.016 0.010 0.009 0.000 -0.000 0.000 20.581
0.016 0.009 0.009 0.000 -0.000 0.000 20.591
0.016 0.009 0.009 0.000 -0.000 0.000 20.601
0.016 0.009 0.009 0.000 -0.000 0.000 20.611
0.016 0.010 0.009 0.000 -0.000 0.000 20.621
0.016 0.010 0.009 0.000 -0.000 0.000 20.631
0.016 0.009 0.009 0.000 -0.000 0.000 20.641
0.016 0.009 0.009 0.000 -0.000 0.000 20.651
0.016 0.010 0.009 0.000 -0.000 0.000 20.661
0.016 0.010 0.009 0.000 -0.000 0.000 20.671
0.016 0.010 0.009 0.000 -0.000 0.000 20.681
0.016 0.010 0.009 0.000 -0.000 0.000 20.691
0.016 0.010 0.009 0.000 -0.000 0.000 20.701
0.016 0.010 0.009 0.000 -0.000 0.000 20.711
0.016 0.010 0.009 0.000 -0.000 0.000 20.721
0.016 0.010 0.009 0.000 -0.000 0.000 20.731
0.016 0.010 0.009 0.000 -0.000 0.000 20.741
0.016 0.010 0.009 0.000 -0.000 0.000 20.751
0.016 0.010 0.009 0.000 -0.000 0.000 20.761
0.016 0.010 0.009 0.000 -0.000 0.000 20.771
0.016 0.010 0.009 0.000 -0.000 0.000 20.781
0.016 0.010 0.009 0.000 -0.000 0.000 20.791
0.016 0.010 0.009 0.000 -0.000 0.000 20.801
0.016 0.010 0.009 0.000 -0.000 0.000 20.811
0.016 0.010 0.010 0.000 -0.000 0.000 20.821
0.016 0.010 0.009 0.000 -0.000 0.000 20.831
0.016 0.010 0.009 0.000 -0.000 0.000 20.841
0.016 0.010 0.010 0.000 -0.000 0.000 20.851
0.016 0.010 0.010 0.000 -0.000 0.000 20.861
0.016 0.010 0.010 0.000 -0.000 0.000 20.871
0.016 0.010 0.009 0.000 -0.000 0.000 20.881
0.016 0.010 0.009 0.000 -0.000 0.000 20.891
0.016 0.010 0.010 0.000 -0.000 0.000 20.901
0.016 0.010 0.010 0.000 -0.000 0.000 20.911
0.016 0.010 0.010 0.000 -0.000 0.000 20.921
0.016 0.010 0.010 0.000 -0.000 0.000 20.931
0.016 0.010 0.010 0.000 -0.000 0.000 20.941
0.016 0.010 0.010 0.000 -0.000 0.000 20.951
0.016 0.010 0.010 0.000 -0.000 0.000 20.961
0.016 0.010 0.010 0.000 -0.000 0.000 20.971
0.016 0.010 0.010 0.000 -0.000 0.000 20.981
0.016 0.010 0.010 0.000 -0.000 0.000 20.991
0.016 0.010 0.010 0.000 -0.000 0.000 21.001
0.016 0.010 0.010 0.000 -0.000 0.000 21.011
0.016 0.010 0.010 0.000 -0.000 0.000 21.021
0.016 0.010 0.010 0.000 -0.000 0.000 21.031
0.016 0.010 0.010 0.000 -0.000 0.000 21.041
0.016 0.010 0.010 0.000 -0.000 0.000 21.051
0.016 0.010 0.010 0.000 -0.000 0.000 21.061
0.016 0.010 0.010 0.000 -0.000 0.000 21.071
0.016 0.010 0.010 0.000 -0.000 0.000 21.081
0.016 0.010 0.010 0.000 -0.000 0.000 21.091
0.016 0.010 0.010 0.000 -0.000 0.000 21.101
0.016 0.010 0.010 0.000 -0.000 0.000 21.111
0.016 0.010 0.010 0.000 -0.000 0.000 21.121
0.016 0.010 0.010 0.000 -0.000 0.000 21.131
0.016 0.010 0.010 0.000 -0.000 0.000 21.141
0.016 0.010 0.010 0.000 -0.000 0.000 21.151
0.016 0.010 0.010 0.000 -0.000 0.000 21.161
0.016 0.010 0.010 0.000 -0.000 0.000 21.171
0.016 0.010 0.010 0.000 -0.000 0.000 21.181
0.016 0.010 0.010 0.000 -0.000 0.000 21.191
0.016 0.010 0.010 0.000 -0.000 0.000 21.201
0.016 0.010 0.010 0.000 -0.000 0.000 21.211
0.016 0.010 0.010 0.000 -0.000 0.000 21.221
0.016 0.010 0.010 0.000 -0.000 0.000 21.231
0.016 0.010 0.010 0.000 -0.000 0.000 21.241
0.016 0.010 0.010 0.000 -0.000 0.000 21.251
0.016 0.010 0.010 0.000 -0.000 0.000 21.261
0.016 0.010 0.010 0.000 -0.000 0.000 21.271
0.016 0.010 0.010 0.000 -0.000 0.000 21.281
0.016 0.010 0.010 0.000 -0.000 0.000 21.291
0.016 0.010 0.010 0.000 -0.000 0.000 21.301
0.016 0.010 0.010 0.000 -0.000 0.000 21.311
0.016 0.010 0.010 0.000 -0.000 0.000 21.320
0.016 0.010 0.010 0.000 -0.000 0.000 21.331
0.016 0.010 0.010 0.000 -0.000 0.000 21.340
0.016 0.010 0.010 0.000 -0.000 0.000 21.350
0.016 0.010 0.010 0.000 -0.000 0.000 21.360
0.016 0.010 0.010 0.000 -0.000 0.000 21.370
0.016 0.010 0.010 0.000 -0.000 0.000 21.380
0.016 0.010 0.010 0.000 -0.000 0.000 21.390
0.016 0.010 0.010 0.000 -0.000 0.000 21.400
0.016 0.010 0.010 0.000 -0.000 0.000 21.410
0.016 0.010 0.010 0.000 -0.000 0.000 21.420
0.016 0.010 0.010 0.000 -0.000 0.000 21.430
0.016 0.010 0.010 0.000 -0.000 0.000 21.440
0.016 0.010 0.010 0.000 -0.000 0.000 21.450
0.016 0.010 0.010 0.000 -0.000 0.000 21.460
0.016 0.010 0.010 0.000 -0.000 0.000 21.470
0.016 0.010 0.010 0.000 -0.000 0.000 21.480
0.016 0.010 0.010 0.000 -0.000 0.000 21.490
0.016 0.010 0.010 0.000 -0.000 0.000 21.500
0.016 0.010 0.010 0.000 -0.000 0.000 21.510
0.016 0.010 0.010 0.000 -0.000 0.000 21.520
0.016 0.010 0.010 0.000 -0.000 0.000 21.530
0.016 0.010 0.010 0.000 -0.000 0.000 21.540
0.016 0.010 0.010 0.000 -0.000 0.000 21.550
0.016 0.010 0.010 0.000 -0.000 0.000 21.560
0.016 0.010 0.010 0.000 -0.000 0.000 21.570
0.016 0.010 0.010 0.000 -0.000 0.000 21.580
0.016 0.010 0.010 0.000 -0.000 0.000 21.590
0.016 0.010 0.010 0.000 -0.000 0.000 21.600
0.016 0.010 0.011 0.000 -0.000 0.000 21.610
0.016 0.010 0.010 0.000 -0.000 0.000 21.620
0.016 0.010 0.010 0.000 -0.000 0.000 21.630
0.016 0.010 0.010 0.000 -0.000 0.000 21.640
0.016 0.010 0.010 0.000 -0.000 0.000 21.650
0.016 0.010 0.010 0.000 -0.000 0.000 21.660
0.016 0.010 0.010 0.000 -0.000 0.000 21.670
0.016 0.010 0.010 0.000 -0.000 0.000 21.680
0.016 0.010 0.010 0.000 -0.000 0.000 21.690
0.016 0.010 0.010 0.000 -0.000 0.000 21.700
0.016 0.010 0.010 0.000 -0.000 0.000 21.710
0.016 0.010 0.010 0.000 -0.000 0.000 21.720
0.016 0.010 0.010 0.000 -0.000 0.000 21.730
0.016 0.010 0.010 0.000 -0.000 0.000 21.740
0.016 0.010 0.010 0.000 -0.000 0.000 21.750
0.016 0.010 0.010 0.000 -0.000 0.000 21.760
0.016 0.010 0.010 0.000 -0.000 0.000 21.770
0.016 0.010 0.010 0.000 -0.000 0.000 21.780
0.016 0.010 0.010 0.000 -0.000 0.000 21.790
0.016 0.010 0.010 0.000 -0.000 0.000 21.800
0.016 0.010 0.010 0.000 -0.000 0.000 21.810
0.016 0.010 0.010 0.000 -0.000 0.000 21.820
0.016 0.010 0.010 0.000 -0.000 0.000 21.830
0.016 0.010 0.010 0.000 -0.000 0.000 21.840
0.016 0.009 0.010 0.000 -0.000 0.000 21.850
0.016 0.009 0.010 0.000 -0.000 0.000 21.860
0.016 0.009 0.010 0.000 -0.000 0.000 21.870
0.016 0.009 0.010 0.000 -0.000 0.000 21.880
0.016 0.009 0.010 0.000 -0.000 0.000 21.890
0.016 0.009 0.010 0.000 -0.000 0.000 21.900
0.016 0.009 0.010 0.000 -0.000 0.000 21.910
0.016 0.009 0.010 0.000 -0.000 0.000 21.920
0.016 0.009 0.010 0.000 -0.000 0.000 21.930
0.016 0.009 0.010 0.000 -0.000 0.000 21.940
0.016 0.009 0.010 0.000 -0.000 0.000 21.950
0.016 0.009 0.010 0.000 -0.000 0.000 21.960
0.016 0.009 0.010 0.000 -0.000 0.000 21.970
0.016 0.009 0.010 0.000 -0.000 0.000 21.980
0.016 0.009 0.010 0.000 -0.000 0.000 21.990
0.016 0.009 0.010 0.000 -0.000 0.000 22.000
0.016 0.009 0.010 0.000 -0.000 0.000 22.010
0.016 0.009 0.010 0.000 -0.000 0.000 22.020
0.016 0.009 0.010 0.000 -0.000 0.000 22.030
0.016 0.009 0.011 0.000 -0.000 0.000 22.040
0.016 0.009 0.011 0.000 -0.000 0.000 22.050
0.016 0.009 0.011 0.000 -0.000 0.000 22.060
0.016 0.009 0.011 0.000 -0.000 0.000 22.070
0.016 0.009 0.011 0.000 -0.000 0.000 22.080
0.016 0.009 0.011 0.000 -0.000 0.000 22.090
0.016 0.009 0.011 0.000 -0.000 0.000 22.100
0.016 0.009 0.011 0.000 -0.000 0.000 22.110
0.016 0.009 0.011 0.000 -0.000 0.000 22.120
0.016 0.009 0.011 0.000 -0.000 0.000 22.130
0.016 0.009 0.011 0.000 -0.000 0.000 22.140
0.016 0.009 0.011 0.000 -0.000 0.000 22.150
0.016 0.009 0.011 0.000 -0.000 0.000 22.160
0.016 0.009 0.011 0.000 -0.000 0.000 22.170
0.016 0.009 0.011 0.000 -0.000 0.000 22.180
0.016 0.009 0.011 0.000 -0.000 0.000 22.190
0.016 0.009 0.011 0.000 -0.000 0.000 22.200
0.016 0.009 0.011 0.000 -0.000 0.000 22.210
0.016 0.009 0.011 0.000 -0.000 0.000 22.220
0.016 0.009 0.011 0.000 -0.000 0.000 22.230
0.016 0.009 0.011 0.000 -0.000 0.000 22.240
0.016 0.009 0.011 0.000 -0.000 0.000 22.250
0.016 0.009 0.011 0.000 -0.000 0.000 22.260
0.016 0.009 0.011 0.000 -0.000 0.000 22.270
0.016 0.009 0.011 0.000 -0.000 0.000 22.280
0.016 0.009 0.011 0.000 -0.000 0.000 22.290
0.016 0.009 0.011 0.000 -0.000 0.000 22.300
0.016 0.009 0.011 0.000 -0.000 0.000 22.310
0.016 0.009 0.011 0.000 -0.000 0.000 22.320
0.016 0.009 0.011 0.000 -0.000 0.000 22.330
0.016 0.009 0.011 0.000 -0.000 0.000 22.340
0.016 0.009 0.011 0.000 -0.000 0.000 22.350
0.016 0.009 0.011 0.000 -0.000 0.000 22.360
0.016 0.009 0.011 0.000 -0.000 0.000 22.370
0.016 0.009 0.011 0.000 -0.000 0.000 22.380
0.016 0.009 0.011 0.000 -0.000 0.000 22.390
0.016 0.009 0.011 0.000 -0.000 0.000 22.400
0.016 0.009 0.011 0.000 -0.000 0.000 22.410
0.016 0.009 0.011 0.000 -0.000 0.000 22.420
0.016 0.009 0.011 0.000 -0.000 0.000 22.430
0.016 0.009 0.011 0.000 -0.000 0.000 22.440
0.016 0.009 0.011 0.000 -0.000 0.000 22.450
0.016 0.009 0.011 0.000 -0.000 0.000 22.460
0.016 0.009 0.011 0.000 -0.000 0.000 22.470
0.016 0.009 0.011 0.000 -0.000 0.000 22.480
0.016 0.009 0.011 0.000 -0.000 0.000 22.490
0.016 0.009 0.011 0.000 -0.000 0.000 22.500
0.016 0.009 0.011 0.000 -0.000 0.000 22.510
0.016 0.009 0.011 0.000 -0.000 0.000 22.520
0.016 0.009 0.011 0.000 -0.000 0.000 22.530
0.016 0.009 0.011 0.000 -0.000 0.000 22.540
0.016 0.009 0.011 0.000 -0.000 0.000 22.550
0.016 0.009 0.011 0.000 -0.000 0.000 22.560
0.016 0.009 0.011 0.000 -0.000 0.000 22.570
0.016 0.009 0.011 0.000 -0.000 0.000 22.580
0.016 0.009 0.011 0.000 -0.000 0.000 22.590
0.016 0.009 0.011 0.000 -0.000 0.000 22.600
0.016 0.009 0.011 0.000 -0.000 0.000 22.610
0.016 0.009 0.011 0.000 -0.000 0.000 22.620
0.016 0.009 0.011 0.000 -0.000 0.000 22.630
0.016 0.009 0.011 0.000 -0.000 0.000 22.640
0.016 0.009 0.011 0.000 -0.000 0.000 22.650
0.016 0.009 0.011 0.000 -0.000 0.000 22.660
0.016 0.009 0.011 0.000 -0.000 0.000 22.670
0.016 0.009 0.011 0.000 -0.000 0.000 22.680
0.016 0.009 0.011 0.000 -0.000 0.000 22.690
0.016 0.009 0.011 0.000 -0.000 0.000 22.701
0.016 0.009 0.011 0.000 -0.000 0.000 22.711
0.016 0.009 0.011 0.000 -0.000 0.000 22.720
0.016 0.009 0.011 0.000 -0.000 0.000 22.731
0.016 0.009 0.011 0.000 -0.000 0.000 22.741
0.016 0.009 0.011 0.000 -0.000 0.000 22.750
0.016 0.009 0.011 0.000 -0.000 0.000 22.760
0.016 0.009 0.011 0.000 -0.000 0.000 22.770
0.016 0.009 0.011 0.000 -0.000 0.000 22.781
0.016 0.009 0.011 0.000 -0.000 0.000 22.791
0.016 0.009 0.011 0.000 -0.000 0.000 22.801
0.016 0.009 0.011 0.000 -0.000 0.000 22.811
0.016 0.009 0.011 0.000 -0.000 0.000 22.820
0.016 0.009 0.011 0.000 -0.000 0.000 22.831
0.016 0.009 0.011 0.000 -0.000 0.000 22.841
0.016 0.009 0.011 0.000 -0.000 0.000 22.851
0.016 0.009 0.011 0.000 -0.000 0.000 22.861
0.016 0.009 0.011 0.000 -0.000 0.000 22.871
0.016 0.009 0.011 0.000 -0.000 0.000 22.881
0.016 0.009 0.011 0.000 -0.000 0.000 22.891
0.016 0.009 0.011 0.000 -0.000 0.000 22.901
0.016 0.009 0.011 0.000 -0.000 0.000 22.911
0.016 0.009 0.011 0.000 -0.000 0.000 22.920
0.016 0.009 0.011 0.000 -0.000 0.000 22.931
0.016 0.009 0.011 0.000 -0.000 0.000 22.941
0.016 0.009 0.011 0.000 -0.000 0.000 22.951
0.016 0.009 0.011 0.000 -0.000 0.000 22.961
0.016 0.009 0.011 0.000 -0.000 0.000 22.971
0.016 0.009 0.011 0.000 -0.000 0.000 22.981
0.016 0.009 0.011 -0.500 -0.500 -0.500 22.991
0.016 0.009 0.011 -0.500 -0.500 -0.500 23.001
0.016 0.009 0.011 -0.500 -0.500 -0.500 23.011
0.016 0.009 0.011 -0.500 -0.500 -0.500 23.020
0.016 0.009 0.011 -0.500 -0.500 -0.500 23.032
0.015 -0.005 -0.001 -0.500 -0.500 -0.500 23.042
-0.000 -0.052 -0.055 -0.500 -0.500 -0.500 23.052
-0.048 -0.125 -0.126 -0.500 -0.500 -0.500 23.062
-0.118 -0.210 -0.207 -0.500 -0.500 -0.500 23.072
-0.199 -0.294 -0.285 -0.500 -0.500 -0.500 23.082
-0.286 -0.369 -0.360 -0.500 -0.500 -0.500 23.092
-0.373 -0.429 -0.422 -0.500 -0.500 -0.500 23.102
-0.451 -0.480 -0.470 -0.500 -0.500 -0.500 23.112
-0.510 -0.524 -0.507 -0.500 -0.500 -0.500 23.121
-0.555 -0.555 -0.525 -0.500 -0.500 -0.500 23.132
-0.590 -0.572 -0.530 -0.500 -0.500 -0.500 23.142
-0.609 -0.582 -0.531 -0.500 -0.500 -0.500 23.152
-0.612 -0.589 -0.532 -0.500 -0.500 -0.500 23.162
-0.612 -0.592 -0.530 -0.500 -0.500 -0.500 23.172
-0.612 -0.591 -0.531 -0.500 -0.500 -0.500 23.182
-0.610 -0.592 -0.536 -0.500 -0.500 -0.500 23.192
-0.610 -0.592 -0.541 -0.500 -0.500 -0.500 23.202
-0.610 -0.592 -0.546 -0.500 -0.500 -0.500 23.212
-0.611 -0.592 -0.549 -0.500 -0.500 -0.500 23.221
-0.610 -0.592 -0.553 -0.500 -0.500 -0.500 23.232
-0.610 -0.592 -0.554 -0.500 -0.500 -0.500 23.242
-0.610 -0.592 -0.553 -0.500 -0.500 -0.500 23.251
-0.612 -0.594 -0.552 -0.500 -0.500 -0.500 23.261
-0.612 -0.593 -0.552 -0.500 -0.500 -0.500 23.271
-0.611 -0.591 -0.553 -0.500 -0.500 -0.500 23.282
-0.611 -0.587 -0.552 -0.500 -0.500 -0.500 23.292
-0.611 -0.581 -0.552 -0.500 -0.500 -0.500 23.302
-0.611 -0.574 -0.552 -0.500 -0.500 -0.500 23.312
-0.611 -0.567 -0.553 -0.500 -0.500 -0.500 23.320
-0.611 -0.559 -0.553 -0.500 -0.500 -0.500 23.332
-0.610 -0.552 -0.552 -0.500 -0.500 -0.500 23.342
-0.610 -0.547 -0.553 -0.500 -0.500 -0.500 23.352
-0.610 -0.541 -0.553 -0.500 -0.500 -0.500 23.362
-0.610 -0.535 -0.553 -0.500 -0.500 -0.500 23.372
-0.610 -0.530 -0.552 -0.500 -0.500 -0.500 23.382
-0.609 -0.524 -0.550 -0.500 -0.500 -0.500 23.392
-0.607 -0.518 -0.546 -0.500 -0.500 -0.500 23.402
-0.605 -0.513 -0.541 -0.500 -0.500 -0.500 23.412
-0.600 -0.509 -0.536 -0.500 -0.500 -0.500 23.421
-0.592 -0.505 -0.531 -0.500 -0.500 -0.500 23.433
-0.584 -0.502 -0.524 -0.500 -0.500 -0.500 23.443
-0.575 -0.499 -0.517 -0.500 -0.500 -0.500 23.453
-0.566 -0.497 -0.512 -0.500 -0.500 -0.500 23.463
-0.557 -0.496 -0.506 -0.500 -0.500 -0.500 23.473
-0.548 -0.495 -0.503 -0.500 -0.500 -0.500 23.483
-0.541 -0.495 -0.501 -0.500 -0.500 -0.500 23.493
-0.534 -0.495 -0.500 -0.500 -0.500 -0.500 23.504
-0.527 -0.495 -0.499 -0.500 -0.500 -0.500 23.514
-0.521 -0.495 -0.499 -0.500 -0.500 -0.500 23.524
-0.516 -0.495 -0.498 -0.500 -0.500 -0.500 23.534
-0.511 -0.496 -0.498 -0.500 -0.500 -0.500 23.544
-0.507 -0.496 -0.498 -0.500 -0.500 -0.500 23.554
-0.503 -0.496 -0.498 -0.500 -0.500 -0.500 23.564
-0.499 -0.496 -0.497 -0.500 -0.500 -0.500 23.574
-0.496 -0.496 -0.496 -0.500 -0.500 -0.500 23.584
-0.494 -0.497 -0.496 -0.500 -0.500 -0.500 23.594
-0.492 -0.497 -0.496 -0.500 -0.500 -0.500 23.604
-0.490 -0.497 -0.495 -0.500 -0.500 -0.500 23.614
-0.489 -0.497 -0.494 -0.500 -0.500 -0.500 23.624
-0.487 -0.497 -0.493 -0.500 -0.500 -0.500 23.634
-0.485 -0.498 -0.492 -0.500 -0.500 -0.500 23.644
-0.483 -0.498 -0.491 -0.500 -0.500 -0.500 23.654
-0.482 -0.498 -0.490 -0.500 -0.500 -0.500 23.664
-0.481 -0.498 -0.490 -0.500 -0.500 -0.500 23.674
-0.481 -0.498 -0.490 -0.500 -0.500 -0.500 23.684
-0.480 -0.498 -0.490 -0.500 -0.500 -0.500 23.694
-0.479 -0.499 -0.490 -0.500 -0.500 -0.500 23.704
-0.478 -0.499 -0.490 -0.500 -0.500 -0.500 23.714
-0.477 -0.499 -0.490 -0.500 -0.500 -0.500 23.724
-0.476 -0.499 -0.489 -0.500 -0.500 -0.500 23.734
-0.476 -0.499 -0.489 -0.500 -0.500 -0.500 23.744
-0.475 -0.499 -0.489 -0.500 -0.500 -0.500 23.754
-0.474 -0.499 -0.489 -0.500 -0.500 -0.500 23.764
-0.474 -0.499 -0.489 -0.500 -0.500 -0.500 23.775
-0.474 -0.499 -0.489 -0.500 -0.500 -0.500 23.785
-0.474 -0.500 -0.489 -0.500 -0.500 -0.500 23.795
-0.474 -0.500 -0.489 -0.500 -0.500 -0.500 23.805
-0.474 -0.500 -0.489 -0.500 -0.500 -0.500 23.815
-0.474 -0.500 -0.488 -0.500 -0.500 -0.500 23.824
-0.474 -0.500 -0.488 -0.500 -0.500 -0.500 23.834
-0.474 -0.500 -0.488 -0.500 -0.500 -0.500 23.845
-0.474 -0.500 -0.488 -0.500 -0.500 -0.500 23.855
-0.474 -0.500 -0.488 -0.500 -0.500 -0.500 23.865
-0.474 -0.500 -0.488 -0.500 -0.500 -0.500 23.874
-0.474 -0.500 -0.488 -0.500 -0.500 -0.500 23.885
-0.474 -0.500 -0.488 -0.500 -0.500 -0.500 23.895
-0.474 -0.500 -0.488 -0.500 -0.500 -0.500 23.905
-0.474 -0.501 -0.488 -0.500 -0.500 -0.500 23.915
-0.474 -0.501 -0.488 -0.500 -0.500 -0.500 23.925
-0.474 -0.501 -0.488 -0.500 -0.500 -0.500 23.935
-0.474 -0.501 -0.488 -0.500 -0.500 -0.500 23.945
-0.474 -0.501 -0.488 -0.500 -0.500 -0.500 23.955
-0.474 -0.501 -0.487 -0.500 -0.500 -0.500 23.965
-0.474 -0.501 -0.487 -0.500 -0.500 -0.500 23.975
-0.474 -0.501 -0.487 -0.500 -0.500 -0.500 23.985
-0.474 -0.501 -0.487 -0.500 -0.500 -0.500 23.995
-0.475 -0.501 -0.487 -0.500 -0.500 -0.500 24.005
-0.475 -0.501 -0.487 -0.500 -0.500 -0.500 24.015
-0.475 -0.501 -0.487 -0.500 -0.500 -0.500 24.025
-0.475 -0.501 -0.487 -0.500 -0.500 -0.500 24.035
-0.475 -0.501 -0.487 -0.500 -0.500 -0.500 24.045
-0.475 -0.501 -0.487 -0.500 -0.500 -0.500 24.055
-0.475 -0.501 -0.487 -0.500 -0.500 -0.500 24.065
-0.475 -0.501 -0.487 -0.500 -0.500 -0.500 24.075
-0.475 -0.502 -0.486 -0.500 -0.500 -0.500 24.085
-0.475 -0.502 -0.486 -0.500 -0.500 -0.500 24.095
-0.475 -0.502 -0.486 -0.500 -0.500 -0.500 24.105
-0.475 -0.502 -0.486 -0.500 -0.500 -0.500 24.115
-0.475 -0.502 -0.486 -0.500 -0.500 -0.500 24.125
-0.475 -0.502 -0.486 -0.500 -0.500 -0.500 24.135
-0.475 -0.502 -0.486 -0.500 -0.500 -0.500 24.145
-0.475 -0.502 -0.486 -0.500 -0.500 -0.500 24.155
-0.475 -0.502 -0.486 -0.500 -0.500 -0.500 24.165
-0.475 -0.502 -0.486 -0.500 -0.500 -0.500 24.175
-0.475 -0.502 -0.486 -0.500 -0.500 -0.500 24.185
-0.475 -0.502 -0.486 -0.500 -0.500 -0.500 24.195
-0.475 -0.502 -0.486 -0.500 -0.500 -0.500 24.205
-0.475 -0.502 -0.486 -0.500 -0.500 -0.500 24.215
-0.475 -0.502 -0.486 -0.500 -0.500 -0.500 24.225
-0.475 -0.502 -0.486 -0.500 -0.500 -0.500 24.235
-0.475 -0.502 -0.486 -0.500 -0.500 -0.500 24.245
-0.475 -0.502 -0.485 -0.500 -0.500 -0.500 24.255
-0.475 -0.503 -0.485 -0.500 -0.500 -0.500 24.265
-0.475 -0.503 -0.485 -0.500 -0.500 -0.500 24.275
-0.475 -0.503 -0.485 -0.500 -0.500 -0.500 24.285
-0.475 -0.503 -0.485 -0.500 -0.500 -0.500 24.295
-0.475 -0.503 -0.485 -0.500 -0.500 -0.500 24.305
-0.475 -0.503 -0.485 -0.500 -0.500 -0.500 24.315
-0.475 -0.503 -0.485 -0.500 -0.500 -0.500 24.324
-0.475 -0.503 -0.485 -0.500 -0.500 -0.500 24.334
-0.476 -0.503 -0.485 -0.500 -0.500 -0.500 24.344
-0.476 -0.503 -0.485 -0.500 -0.500 -0.500 24.354
-0.476 -0.503 -0.485 -0.500 -0.500 -0.500 24.364
-0.476 -0.503 -0.485 -0.500 -0.500 -0.500 24.374
-0.476 -0.503 -0.485 -0.500 -0.500 -0.500 24.384
-0.476 -0.503 -0.485 -0.500 -0.500 -0.500 24.394
-0.476 -0.503 -0.485 -0.500 -0.500 -0.500 24.404
-0.476 -0.503 -0.485 -0.500 -0.500 -0.500 24.414
-0.476 -0.503 -0.485 -0.500 -0.500 -0.500 24.424
-0.476 -0.503 -0.485 -0.500 -0.500 -0.500 24.434
-0.476 -0.503 -0.485 -0.500 -0.500 -0.500 24.444
-0.476 -0.503 -0.485 -0.500 -0.500 -0.500 24.454
-0.476 -0.503 -0.485 -0.500 -0.500 -0.500 24.464
-0.476 -0.503 -0.485 -0.500 -0.500 -0.500 24.474
-0.476 -0.503 -0.485 -0.500 -0.500 -0.500 24.484
-0.476 -0.503 -0.485 -0.500 -0.500 -0.500 24.494
-0.476 -0.504 -0.484 -0.500 -0.500 -0.500 24.504
-0.476 -0.504 -0.484 -0.500 -0.500 -0.500 24.514
-0.476 -0.504 -0.484 -0.500 -0.500 -0.500 24.524
-0.476 -0.504 -0.484 -0.500 -0.500 -0.500 24.534
-0.476 -0.504 -0.484 -0.500 -0.500 -0.500 24.544
-0.476 -0.504 -0.484 -0.500 -0.500 -0.500 24.554
-0.476 -0.504 -0.484 -0.500 -0.500 -0.500 24.564
-0.476 -0.504 -0.484 -0.500 -0.500 -0.500 24.574
-0.476 -0.504 -0.484 -0.500 -0.500 -0.500 24.584
-0.476 -0.504 -0.484 -0.500 -0.500 -0.500 24.594
-0.476 -0.504 -0.484 -0.500 -0.500 -0.500 24.604
-0.476 -0.504 -0.484 -0.500 -0.500 -0.500 24.614
-0.476 -0.504 -0.484 -0.500 -0.500 -0.500 24.624
-0.476 -0.504 -0.484 -0.500 -0.500 -0.500 24.634
-0.476 -0.504 -0.484 -0.500 -0.500 -0.500 24.644
-0.476 -0.504 -0.484 -0.500 -0.500 -0.500 24.654
-0.476 -0.504 -0.484 -0.500 -0.500 -0.500 24.664
-0.476 -0.504 -0.484 -0.500 -0.500 -0.500 24.674
-0.476 -0.504 -0.484 -0.500 -0.500 -0.500 24.684
-0.476 -0.504 -0.484 -0.500 -0.500 -0.500 24.694
-0.476 -0.504 -0.484 -0.500 -0.500 -0.500 24.704
-0.476 -0.504 -0.484 -0.500 -0.500 -0.500 24.714
-0.476 -0.504 -0.484 -0.500 -0.500 -0.500 24.724
-0.476 -0.505 -0.484 -0.500 -0.500 -0.500 24.734
-0.476 -0.505 -0.484 -0.500 -0.500 -0.500 24.744
-0.476 -0.505 -0.484 -0.500 -0.500 -0.500 24.754
-0.476 -0.505 -0.484 -0.500 -0.500 -0.500 24.764
-0.476 -0.505 -0.484 -0.500 -0.500 -0.500 24.774
-0.476 -0.505 -0.484 -0.500 -0.500 -0.500 24.784
-0.476 -0.505 -0.483 -0.500 -0.500 -0.500 24.794
-0.476 -0.505 -0.483 -0.500 -0.500 -0.500 24.804
-0.476 -0.505 -0.483 -0.500 -0.500 -0.500 24.814
-0.476 -0.505 -0.483 -0.500 -0.500 -0.500 24.824
-0.476 -0.505 -0.483 -0.500 -0.500 -0.500 24.834
-0.476 -0.505 -0.483 -0.500 -0.500 -0.500 24.844
-0.476 -0.505 -0.483 -0.500 -0.500 -0.500 24.854
-0.476 -0.505 -0.483 -0.500 -0.500 -0.500 24.864
-0.476 -0.505 -0.483 -0.500 -0.500 -0.500 24.874
-0.476 -0.505 -0.483 -0.500 -0.500 -0.500 24.884
-0.476 -0.505 -0.483 -0.500 -0.500 -0.500 24.894
-0.477 -0.505 -0.483 -0.500 -0.500 -0.500 24.904
-0.477 -0.505 -0.483 -0.500 -0.500 -0.500 24.914
-0.477 -0.505 -0.483 -0.500 -0.500 -0.500 24.924
-0.477 -0.505 -0.483 -0.500 -0.500 -0.500 24.934
-0.477 -0.505 -0.483 -0.500 -0.500 -0.500 24.944
-0.477 -0.505 -0.483 -0.500 -0.500 -0.500 24.954
-0.477 -0.505 -0.483 -0.500 -0.500 -0.500 24.964
-0.477 -0.505 -0.483 -0.500 -0.500 -0.500 24.974
-0.477 -0.505 -0.483 -0.500 -0.500 -0.500 24.984
-0.477 -0.505 -0.483 -0.500 -0.500 -0.500 24.994
-0.477 -0.505 -0.483 -0.500 -0.500 -0.500 25.004
-0.477 -0.505 -0.483 -0.500 -0.500 -0.500 25.014
-0.477 -0.505 -0.483 -0.500 -0.500 -0.500 25.024
-0.477 -0.505 -0.483 -0.500 -0.500 -0.500 25.034
-0.477 -0.505 -0.483 -0.500 -0.500 -0.500 25.044
-0.477 -0.506 -0.483 -0.500 -0.500 -0.500 25.054
-0.477 -0.506 -0.483 -0.500 -0.500 -0.500 25.064
-0.477 -0.506 -0.483 -0.500 -0.500 -0.500 25.074
-0.477 -0.506 -0.483 -0.500 -0.500 -0.500 25.084
-0.477 -0.506 -0.483 -0.500 -0.500 -0.500 25.094
-0.477 -0.506 -0.483 -0.500 -0.500 -0.500 25.104
-0.477 -0.506 -0.483 -0.500 -0.500 -0.500 25.114
-0.477 -0.506 -0.483 -0.500 -0.500 -0.500 25.124
-0.477 -0.506 -0.483 -0.500 -0.500 -0.500 25.134
-0.477 -0.506 -0.483 -0.500 -0.500 -0.500 25.144
-0.477 -0.506 -0.483 -0.500 -0.500 -0.500 25.154
-0.477 -0.506 -0.483 -0.500 -0.500 -0.500 25.164
-0.477 -0.506 -0.483 -0.500 -0.500 -0.500 25.174
-0.477 -0.506 -0.483 -0.500 -0.500 -0.500 25.184
-0.477 -0.506 -0.483 -0.500 -0.500 -0.500 25.194
-0.477 -0.506 -0.483 -0.500 -0.500 -0.500 25.204
-0.477 -0.506 -0.483 -0.500 -0.500 -0.500 25.214
-0.477 -0.506 -0.483 -0.500 -0.500 -0.500 25.224
-0.477 -0.506 -0.483 -0.500 -0.500 -0.500 25.234
-0.477 -0.506 -0.483 -0.500 -0.500 -0.500 25.244
-0.477 -0.506 -0.483 -0.500 -0.500 -0.500 25.254
-0.477 -0.506 -0.483 -0.500 -0.500 -0.500 25.264
-0.477 -0.506 -0.483 -0.500 -0.500 -0.500 25.273
-0.477 -0.506 -0.483 -0.500 -0.500 -0.500 25.284
-0.477 -0.506 -0.483 -0.500 -0.500 -0.500 25.294
-0.477 -0.506 -0.483 -0.500 -0.500 -0.500 25.304
-0.477 -0.506 -0.483 -0.500 -0.500 -0.500 25.314
-0.477 -0.506 -0.483 -0.500 -0.500 -0.500 25.324
-0.477 -0.506 -0.483 -0.500 -0.500 -0.500 25.334
-0.477 -0.506 -0.483 -0.500 -0.500 -0.500 25.344
-0.477 -0.506 -0.483 -0.500 -0.500 -0.500 25.354
-0.477 -0.506 -0.483 -0.500 -0.500 -0.500 25.364
-0.477 -0.506 -0.483 -0.500 -0.500 -0.500 25.374
-0.477 -0.506 -0.483 -0.500 -0.500 -0.500 25.384
-0.477 -0.506 -0.483 -0.500 -0.500 -0.500 25.394
-0.477 -0.506 -0.483 -0.500 -0.500 -0.500 25.404
-0.477 -0.506 -0.483 -0.500 -0.500 -0.500 25.414
-0.477 -0.506 -0.483 -0.500 -0.500 -0.500 25.424
-0.477 -0.506 -0.483 -0.500 -0.500 -0.500 25.434
-0.477 -0.506 -0.483 -0.500 -0.500 -0.500 25.444
-0.477 -0.506 -0.483 -0.500 -0.500 -0.500 25.454
-0.477 -0.506 -0.483 -0.500 -0.500 -0.500 25.464
-0.477 -0.506 -0.483 -0.500 -0.500 -0.500 25.474
-0.477 -0.506 -0.483 -0.500 -0.500 -0.500 25.484
-0.477 -0.506 -0.483 -0.500 -0.500 -0.500 25.494
-0.477 -0.506 -0.483 -0.500 -0.500 -0.500 25.504
-0.477 -0.506 -0.483 -0.500 -0.500 -0.500 25.514
-0.477 -0.506 -0.483 -0.500 -0.500 -0.500 25.524
-0.477 -0.506 -0.483 -0.500 -0.500 -0.500 25.534
-0.477 -0.506 -0.483 -0.500 -0.500 -0.500 25.544
-0.477 -0.506 -0.483 -0.500 -0.500 -0.500 25.554
-0.477 -0.506 -0.483 -0.500 -0.500 -0.500 25.564
-0.477 -0.506 -0.483 -0.500 -0.500 -0.500 25.574
-0.477 -0.506 -0.483 -0.500 -0.500 -0.500 25.584
-0.477 -0.506 -0.483 -0.500 -0.500 -0.500 25.594
-0.477 -0.506 -0.483 -0.500 -0.500 -0.500 25.604
-0.477 -0.506 -0.483 -0.500 -0.500 -0.500 25.614
-0.477 -0.506 -0.483 -0.500 -0.500 -0.500 25.624
-0.477 -0.506 -0.483 -0.500 -0.500 -0.500 25.634
-0.477 -0.506 -0.483 -0.500 -0.500 -0.500 25.644
-0.477 -0.506 -0.483 -0.500 -0.500 -0.500 25.654
-0.477 -0.506 -0.483 -0.500 -0.500 -0.500 25.664
-0.477 -0.506 -0.483 -0.500 -0.500 -0.500 25.674
-0.477 -0.506 -0.483 -0.500 -0.500 -0.500 25.684
-0.477 -0.506 -0.483 -0.500 -0.500 -0.500 25.694
-0.477 -0.506 -0.483 -0.500 -0.500 -0.500 25.704
-0.477 -0.506 -0.483 -0.500 -0.500 -0.500 25.714
-0.477 -0.506 -0.483 -0.500 -0.500 -0.500 25.724
-0.477 -0.506 -0.483 -0.500 -0.500 -0.500 25.734
-0.477 -0.506 -0.483 -0.500 -0.500 -0.500 25.744
-0.477 -0.506 -0.483 -0.500 -0.500 -0.500 25.754
-0.477 -0.506 -0.483 -0.500 -0.500 -0.500 25.764
-0.477 -0.506 -0.483 -0.500 -0.500 -0.500 25.774
-0.477 -0.506 -0.483 -0.500 -0.500 -0.500 25.784
-0.477 -0.506 -0.483 -0.500 -0.500 -0.500 25.794
-0.477 -0.506 -0.483 -0.500 -0.500 -0.500 25.804
-0.477 -0.506 -0.483 -0.500 -0.500 -0.500 25.814
-0.477 -0.506 -0.483 -0.500 -0.500 -0.500 25.824
-0.477 -0.506 -0.483 -0.500 -0.500 -0.500 25.834
-0.477 -0.506 -0.483 -0.500 -0.500 -0.500 25.844
-0.477 -0.506 -0.483 -0.500 -0.500 -0.500 25.854
-0.477 -0.506 -0.483 -0.500 -0.500 -0.500 25.864
-0.477 -0.506 -0.483 -0.500 -0.500 -0.500 25.874
-0.477 -0.506 -0.483 -0.500 -0.500 -0.500 25.884
-0.477 -0.506 -0.483 -0.500 -0.500 -0.500 25.894
-0.477 -0.506 -0.483 -0.500 -0.500 -0.500 25.904
-0.477 -0.506 -0.483 -0.500 -0.500 -0.500 25.914
-0.477 -0.506 -0.483 -0.500 -0.500 -0.500 25.924
-0.477 -0.506 -0.483 -0.500 -0.500 -0.500 25.934
-0.477 -0.506 -0.483 -0.500 -0.500 -0.500 25.944
-0.477 -0.506 -0.483 -0.500 -0.500 -0.500 25.954
-0.477 -0.506 -0.483 -0.500 -0.500 -0.500 25.964
-0.477 -0.506 -0.483 -0.500 -0.500 -0.500 25.974
-0.477 -0.506 -0.483 -0.500 -0.500 -0.500 25.984
-0.477 -0.506 -0.483 0.000 -0.000 0.000 25.994
-0.477 -0.506 -0.483 0.000 -0.000 0.000 26.004
-0.477 -0.506 -0.483 0.000 -0.000 0.000 26.014
-0.477 -0.506 -0.482 0.000 -0.000 0.000 26.024
-0.474 -0.496 -0.465 0.000 -0.000 0.000 26.034
-0.454 -0.457 -0.422 0.000 -0.000 0.000 26.044
-0.411 -0.404 -0.360 0.000 -0.000 0.000 26.054
-0.346 -0.346 -0.294 0.000 -0.000 0.000 26.064
-0.270 -0.279 -0.215 0.000 -0.000 0.000 26.074
-0.189 -0.209 -0.137 0.000 -0.000 0.000 26.084
-0.103 -0.142 -0.065 0.000 -0.000 0.000 26.094
-0.022 -0.074 -0.004 0.000 -0.000 0.000 26.104
0.051 -0.011 0.052 0.000 -0.000 0.000 26.114
0.119 0.042 0.095 0.000 -0.000 0.000 26.124
0.183 0.087 0.127 0.000 -0.000 0.000 26.134
0.229 0.122 0.145 0.000 -0.000 0.000 26.144
0.247 0.150 0.148 0.000 -0.000 0.000 26.154
0.245 0.170 0.147 0.000 -0.000 0.000 26.164
0.237 0.175 0.144 0.000 -0.000 0.000 26.174
0.218 0.173 0.141 0.000 -0.000 0.000 26.184
0.195 0.173 0.133 0.000 -0.000 0.000 26.194
0.177 0.173 0.122 0.000 -0.000 0.000 26.204
0.166 0.166 0.110 0.000 -0.000 0.000 26.214
0.157 0.160 0.099 0.000 -0.000 0.000 26.224
0.151 0.155 0.090 0.000 -0.000 0.000 26.234
0.148 0.148 0.082 0.000 -0.000 0.000 26.244
0.147 0.140 0.073 0.000 -0.000 0.000 26.254
0.145 0.131 0.066 0.000 -0.000 0.000 26.264
0.143 0.121 0.059 0.000 -0.000 0.000 26.274
0.139 0.108 0.052 0.000 -0.000 0.000 26.284
0.133 0.094 0.044 0.000 -0.000 0.000 26.294
0.125 0.081 0.037 0.000 -0.000 0.000 26.304
0.117 0.068 0.031 0.000 -0.000 0.000 26.314
0.106 0.053 0.025 0.000 -0.000 0.000 26.324
0.094 0.038 0.020 0.000 -0.000 0.000 26.334
0.083 0.025 0.014 0.000 -0.000 0.000 26.344
0.072 0.014 0.009 0.000 -0.000 0.000 26.354
0.061 0.003 0.004 0.000 -0.000 0.000 26.364
0.051 -0.006 0.000 0.000 -0.000 0.000 26.374
0.042 -0.012 -0.003 0.000 -0.000 0.000 26.384
0.033 -0.016 -0.004 0.000 -0.000 0.000 26.394
0.024 -0.019 -0.005 0.000 -0.000 0.000 26.404
0.016 -0.022 -0.006 0.000 -0.000 0.000 26.414
0.009 -0.023 -0.007 0.000 -0.000 0.000 26.424
0.002 -0.024 -0.006 0.000 -0.000 0.000 26.434
-0.003 -0.025 -0.006 0.000 -0.000 0.000 26.444
-0.007 -0.026 -0.006 0.000 -0.000 0.000 26.454
-0.010 -0.026 -0.006 0.000 -0.000 0.000 26.464
-0.013 -0.026 -0.006 0.000 -0.000 0.000 26.474
-0.015 -0.026 -0.006 0.000 -0.000 0.000 26.484
-0.016 -0.026 -0.006 0.000 -0.000 0.000 26.494
-0.018 -0.026 -0.006 0.000 -0.000 0.000 26.504
-0.019 -0.026 -0.006 0.000 -0.000 0.000 26.514
-0.021 -0.026 -0.006 0.000 -0.000 0.000 26.524
-0.022 -0.025 -0.006 0.000 -0.000 0.000 26.534
-0.023 -0.025 -0.006 0.000 -0.000 0.000 26.544
-0.024 -0.025 -0.006 0.000 -0.000 0.000 26.554
-0.025 -0.025 -0.006 0.000 -0.000 0.000 26.564
-0.025 -0.025 -0.007 0.000 -0.000 0.000 26.574
-0.025 -0.025 -0.007 0.000 -0.000 0.000 26.584
-0.025 -0.025 -0.006 0.000 -0.000 0.000 26.594
-0.025 -0.025 -0.006 0.000 -0.000 0.000 26.604
-0.025 -0.025 -0.006 0.000 -0.000 0.000 26.612
-0.025 -0.025 -0.006 0.000 -0.000 0.000 26.620
-0.025 -0.025 -0.006 0.000 -0.000 0.000 26.631
-0.025 -0.025 -0.006 0.000 -0.000 0.000 26.641
-0.025 -0.025 -0.006 0.000 -0.000 0.000 26.652
-0.025 -0.025 -0.006 0.000 -0.000 0.000 26.660
-0.025 -0.025 -0.006 0.000 -0.000 0.000 26.671
-0.025 -0.025 -0.006 0.000 -0.000 0.000 26.681
-0.025 -0.025 -0.006 0.000 -0.000 0.000 26.692
-0.025 -0.025 -0.006 0.000 -0.000 0.000 26.700
-0.025 -0.025 -0.006 0.000 -0.000 0.000 26.711
-0.025 -0.025 -0.007 0.000 -0.000 0.000 26.721
-0.025 -0.025 -0.006 0.000 -0.000 0.000 26.730
-0.025 -0.025 -0.006 0.000 -0.000 0.000 26.741
-0.025 -0.025 -0.006 0.000 -0.000 0.000 26.751
-0.025 -0.024 -0.006 0.000 -0.000 0.000 26.762
-0.025 -0.024 -0.006 0.000 -0.000 0.000 26.770
-0.025 -0.024 -0.006 0.000 -0.000 0.000 26.781
-0.025 -0.024 -0.006 0.000 -0.000 0.000 26.791
-0.025 -0.024 -0.006 0.000 -0.000 0.000 26.800
-0.025 -0.024 -0.006 0.000 -0.000 0.000 26.811
-0.025 -0.024 -0.006 0.000 -0.000 0.000 26.821
-0.025 -0.024 -0.006 0.000 -0.000 0.000 26.831
-0.025 -0.024 -0.006 0.000 -0.000 0.000 26.840
-0.025 -0.024 -0.006 0.000 -0.000 0.000 26.851
-0.025 -0.024 -0.006 0.000 -0.000 0.000 26.861
-0.025 -0.024 -0.006 0.000 -0.000 0.000 26.871
-0.025 -0.024 -0.006 0.000 -0.000 0.000 26.880
-0.025 -0.024 -0.006 0.000 -0.000 0.000 26.891
-0.025 -0.024 -0.006 0.000 -0.000 0.000 26.901
-0.025 -0.024 -0.006 0.000 -0.000 0.000 26.911
-0.025 -0.024 -0.006 0.000 -0.000 0.000 26.920
-0.025 -0.024 -0.006 0.000 -0.000 0.000 26.930
-0.025 -0.024 -0.006 0.000 -0.000 0.000 26.941
-0.025 -0.024 -0.006 0.000 -0.000 0.000 26.951
-0.025 -0.024 -0.006 0.000 -0.000 0.000 26.961
-0.025 -0.024 -0.006 0.000 -0.000 0.000 26.970
-0.025 -0.024 -0.006 0.000 -0.000 0.000 26.980
-0.025 -0.024 -0.006 0.000 -0.000 0.000 26.991
-0.025 -0.024 -0.006 0.000 -0.000 0.000 27.001
-0.025 -0.024 -0.006 0.000 -0.000 0.000 27.011
-0.025 -0.024 -0.006 0.000 -0.000 0.000 27.020
-0.025 -0.024 -0.006 0.000 -0.000 0.000 27.030
-0.025 -0.024 -0.006 0.000 -0.000 0.000 27.041
-0.025 -0.024 -0.006 0.000 -0.000 0.000 27.051
-0.025 -0.024 -0.006 0.000 -0.000 0.000 27.061
-0.025 -0.024 -0.006 0.000 -0.000 0.000 27.070
-0.025 -0.024 -0.006 0.000 -0.000 0.000 27.080
-0.025 -0.024 -0.006 0.000 -0.000 0.000 27.091
-0.025 -0.024 -0.006 0.000 -0.000 0.000 27.101
-0.025 -0.024 -0.006 0.000 -0.000 0.000 27.111
-0.025 -0.024 -0.006 0.000 -0.000 0.000 27.120
-0.025 -0.024 -0.006 0.000 -0.000 0.000 27.130
-0.025 -0.024 -0.006 0.000 -0.000 0.000 27.141
-0.025 -0.024 -0.006 0.000 -0.000 0.000 27.151
-0.025 -0.024 -0.006 0.000 -0.000 0.000 27.161
-0.025 -0.024 -0.007 0.000 -0.000 0.000 27.170
-0.025 -0.024 -0.007 0.000 -0.000 0.000 27.181
-0.025 -0.024 -0.007 0.000 -0.000 0.000 27.191
-0.025 -0.024 -0.007 0.000 -0.000 0.000 27.201
-0.025 -0.024 -0.007 0.000 -0.000 0.000 27.210
-0.025 -0.024 -0.007 0.000 -0.000 0.000 27.220
-0.025 -0.024 -0.007 0.000 -0.000 0.000 27.231
-0.025 -0.024 -0.007 0.000 -0.000 0.000 27.241
-0.025 -0.024 -0.007 0.000 -0.000 0.000 27.252
-0.025 -0.024 -0.007 0.000 -0.000 0.000 27.260
-0.025 -0.024 -0.007 0.000 -0.000 0.000 27.271
-0.025 -0.024 -0.007 0.000 -0.000 0.000 27.281
-0.025 -0.024 -0.007 0.000 -0.000 0.000 27.292
-0.025 -0.024 -0.007 0.000 -0.000 0.000 27.300
-0.025 -0.024 -0.007 0.000 -0.000 0.000 27.311
-0.025 -0.024 -0.007 0.000 -0.000 0.000 27.321
-0.025 -0.024 -0.007 0.000 -0.000 0.000 27.330
-0.025 -0.024 -0.007 0.000 -0.000 0.000 27.340
-0.025 -0.024 -0.007 0.000 -0.000 0.000 27.351
-0.025 -0.024 -0.007 0.000 -0.000 0.000 27.361
-0.025 -0.024 -0.007 0.000 -0.000 0.000 27.371
-0.025 -0.023 -0.007 0.000 -0.000 0.000 27.380
-0.025 -0.023 -0.007 0.000 -0.000 0.000 27.390
-0.025 -0.023 -0.007 0.000 -0.000 0.000 27.401
-0.025 -0.023 -0.007 0.000 -0.000 0.000 27.411
-0.025 -0.023 -0.007 0.000 -0.000 0.000 27.421
-0.025 -0.023 -0.007 0.000 -0.000 0.000 27.430
-0.025 -0.023 -0.007 0.000 -0.000 0.000 27.440
-0.025 -0.023 -0.007 0.000 -0.000 0.000 27.451
-0.025 -0.023 -0.007 0.000 -0.000 0.000 27.461
-0.025 -0.023 -0.007 0.000 -0.000 0.000 27.470
-0.025 -0.023 -0.007 0.000 -0.000 0.000 27.480
-0.025 -0.023 -0.007 0.000 -0.000 0.000 27.490
-0.025 -0.023 -0.007 0.000 -0.000 0.000 27.501
-0.025 -0.023 -0.007 0.000 -0.000 0.000 27.510
-0.025 -0.023 -0.007 0.000 -0.000 0.000 27.520
-0.025 -0.023 -0.007 0.000 -0.000 0.000 27.530
-0.025 -0.023 -0.007 0.000 -0.000 0.000 27.541
-0.025 -0.023 -0.007 0.000 -0.000 0.000 27.551
-0.025 -0.023 -0.007 0.000 -0.000 0.000 27.560
-0.025 -0.023 -0.007 0.000 -0.000 0.000 27.570
-0.025 -0.023 -0.007 0.000 -0.000 0.000 27.580
-0.025 -0.023 -0.007 0.000 -0.000 0.000 27.591
-0.025 -0.023 -0.007 0.000 -0.000 0.000 27.601
-0.025 -0.023 -0.007 0.000 -0.000 0.000 27.610
-0.025 -0.023 -0.007 0.000 -0.000 0.000 27.620
-0.025 -0.023 -0.007 0.000 -0.000 0.000 27.630
-0.025 -0.023 -0.007 0.000 -0.000 0.000 27.641
-0.025 -0.023 -0.007 0.000 -0.000 0.000 27.650
-0.025 -0.023 -0.007 0.000 -0.000 0.000 27.660
-0.025 -0.023 -0.007 0.000 -0.000 0.000 27.670
-0.025 -0.023 -0.007 0.000 -0.000 0.000 27.681
-0.025 -0.023 -0.007 0.000 -0.000 0.000 27.691
-0.025 -0.023 -0.007 0.000 -0.000 0.000 27.700
-0.025 -0.023 -0.007 0.000 -0.000 0.000 27.710
-0.025 -0.023 -0.007 0.000 -0.000 0.000 27.720
-0.025 -0.023 -0.007 0.000 -0.000 0.000 27.731
-0.025 -0.023 -0.007 0.000 -0.000 0.000 27.740
-0.025 -0.023 -0.007 0.000 -0.000 0.000 27.750
-0.025 -0.023 -0.007 0.000 -0.000 0.000 27.760
-0.025 -0.023 -0.007 0.000 -0.000 0.000 27.770
-0.025 -0.023 -0.007 0.000 -0.000 0.000 27.781
-0.025 -0.023 -0.007 0.000 -0.000 0.000 27.790
-0.025 -0.023 -0.007 0.000 -0.000 0.000 27.800
-0.025 -0.023 -0.007 0.000 -0.000 0.000 27.810
-0.025 -0.023 -0.007 0.000 -0.000 0.000 27.821
-0.025 -0.023 -0.007 0.000 -0.000 0.000 27.830
-0.025 -0.023 -0.007 0.000 -0.000 0.000 27.840
-0.025 -0.023 -0.007 0.000 -0.000 0.000 27.850
-0.025 -0.023 -0.007 0.000 -0.000 0.000 27.860
-0.025 -0.023 -0.007 0.000 -0.000 0.000 27.871
-0.025 -0.023 -0.007 0.000 -0.000 0.000 27.880
-0.025 -0.023 -0.007 0.000 -0.000 0.000 27.890
-0.025 -0.023 -0.007 0.000 -0.000 0.000 27.900
-0.025 -0.023 -0.007 0.000 -0.000 0.000 27.910
-0.025 -0.023 -0.007 0.000 -0.000 0.000 27.920
-0.025 -0.023 -0.007 0.000 -0.000 0.000 27.930
-0.025 -0.023 -0.007 0.000 -0.000 0.000 27.940
-0.025 -0.023 -0.007 0.000 -0.000 0.000 27.950
-0.025 -0.023 -0.007 0.000 -0.000 0.000 27.961
-0.025 -0.023 -0.007 0.000 -0.000 0.000 27.970
-0.025 -0.023 -0.007 0.000 -0.000 0.000 27.980
-0.025 -0.023 -0.007 0.000 -0.000 0.000 27.990
-0.025 -0.023 -0.007 0.000 -0.000 0.000 28.000
-0.025 -0.023 -0.007 0.000 -0.000 0.000 28.011
-0.025 -0.023 -0.007 0.000 -0.000 0.000 28.020
-0.025 -0.023 -0.007 0.000 -0.000 0.000 28.030
-0.025 -0.023 -0.007 0.000 -0.000 0.000 28.040
-0.025 -0.023 -0.007 0.000 -0.000 0.000 28.050
-0.025 -0.023 -0.007 0.000 -0.000 0.000 28.060
-0.025 -0.023 -0.007 0.000 -0.000 0.000 28.070
-0.025 -0.023 -0.007 0.000 -0.000 0.000 28.080
-0.025 -0.023 -0.007 0.000 -0.000 0.000 28.090
-0.025 -0.023 -0.007 0.000 -0.000 0.000 28.100
-0.025 -0.023 -0.007 0.000 -0.000 0.000 28.110
-0.025 -0.023 -0.007 0.000 -0.000 0.000 28.120
-0.025 -0.023 -0.007 0.000 -0.000 0.000 28.130
-0.025 -0.023 -0.007 0.000 -0.000 0.000 28.140
-0.025 -0.023 -0.007 0.000 -0.000 0.000 28.150
-0.025 -0.023 -0.007 0.000 -0.000 0.000 28.160
-0.025 -0.023 -0.007 0.000 -0.000 0.000 28.170
-0.025 -0.023 -0.007 0.000 -0.000 0.000 28.180
-0.025 -0.023 -0.007 0.000 -0.000 0.000 28.190
-0.025 -0.023 -0.007 0.000 -0.000 0.000 28.200
-0.025 -0.023 -0.007 0.000 -0.000 0.000 28.210
-0.025 -0.023 -0.007 0.000 -0.000 0.000 28.220
-0.025 -0.023 -0.007 0.000 -0.000 0.000 28.230
-0.025 -0.023 -0.007 0.000 -0.000 0.000 28.240
-0.025 -0.023 -0.007 0.000 -0.000 0.000 28.250
-0.025 -0.023 -0.007 0.000 -0.000 0.000 28.260
-0.025 -0.023 -0.007 0.000 -0.000 0.000 28.270
-0.025 -0.023 -0.007 0.000 -0.000 0.000 28.280
-0.025 -0.023 -0.007 0.000 -0.000 0.000 28.290
-0.025 -0.023 -0.007 0.000 -0.000 0.000 28.300
-0.025 -0.023 -0.007 0.000 -0.000 0.000 28.310
-0.025 -0.023 -0.007 0.000 -0.000 0.000 28.320
-0.025 -0.023 -0.007 0.000 -0.000 0.000 28.330
-0.025 -0.023 -0.007 0.000 -0.000 0.000 28.340
-0.025 -0.023 -0.007 0.000 -0.000 0.000 28.350
-0.025 -0.023 -0.007 0.000 -0.000 0.000 28.360
-0.025 -0.023 -0.007 0.000 -0.000 0.000 28.370
-0.025 -0.023 -0.007 0.000 -0.000 0.000 28.380
-0.025 -0.023 -0.007 0.000 -0.000 0.000 28.390
-0.025 -0.023 -0.007 0.000 -0.000 0.000 28.400
-0.025 -0.023 -0.007 0.000 -0.000 0.000 28.410
-0.025 -0.023 -0.007 0.000 -0.000 0.000 28.420
-0.025 -0.023 -0.007 0.000 -0.000 0.000 28.430
-0.025 -0.023 -0.007 0.000 -0.000 0.000 28.440
-0.025 -0.023 -0.007 0.000 -0.000 0.000 28.450
-0.025 -0.023 -0.007 0.000 -0.000 0.000 28.460
-0.025 -0.023 -0.007 0.000 -0.000 0.000 28.470
-0.025 -0.023 -0.007 0.000 -0.000 0.000 28.480
-0.025 -0.023 -0.007 0.000 -0.000 0.000 28.490
-0.025 -0.023 -0.007 0.000 -0.000 0.000 28.500
-0.025 -0.023 -0.007 0.000 -0.000 0.000 28.510
-0.025 -0.023 -0.007 0.000 -0.000 0.000 28.520
-0.025 -0.023 -0.007 0.000 -0.000 0.000 28.530
-0.025 -0.023 -0.007 0.000 -0.000 0.000 28.540
-0.025 -0.023 -0.007 0.000 -0.000 0.000 28.550
-0.025 -0.023 -0.007 0.000 -0.000 0.000 28.560
-0.025 -0.023 -0.007 0.000 -0.000 0.000 28.570
-0.025 -0.023 -0.007 0.000 -0.000 0.000 28.580
-0.025 -0.023 -0.007 0.000 -0.000 0.000 28.590
-0.025 -0.023 -0.007 0.000 -0.000 0.000 28.600
-0.025 -0.023 -0.007 0.000 -0.000 0.000 28.610
-0.025 -0.023 -0.007 0.000 -0.000 0.000 28.620
-0.025 -0.023 -0.007 0.000 -0.000 0.000 28.630
-0.025 -0.023 -0.007 0.000 -0.000 0.000 28.640
-0.025 -0.023 -0.007 0.000 -0.000 0.000 28.650
-0.025 -0.023 -0.007 0.000 -0.000 0.000 28.660
-0.025 -0.023 -0.007 0.000 -0.000 0.000 28.670
-0.025 -0.023 -0.007 0.000 -0.000 0.000 28.680
-0.025 -0.023 -0.007 0.000 -0.000 0.000 28.690
-0.025 -0.023 -0.007 0.000 -0.000 0.000 28.700
-0.025 -0.023 -0.007 0.000 -0.000 0.000 28.710
-0.025 -0.023 -0.007 0.000 -0.000 0.000 28.720
-0.025 -0.023 -0.007 0.000 -0.000 0.000 28.730
-0.025 -0.023 -0.007 0.000 -0.000 0.000 28.740
-0.025 -0.023 -0.007 0.000 -0.000 0.000 28.750
-0.025 -0.023 -0.007 0.000 -0.000 0.000 28.760
-0.025 -0.023 -0.007 0.000 -0.000 0.000 28.770
-0.025 -0.023 -0.007 0.000 -0.000 0.000 28.780
-0.025 -0.023 -0.007 0.000 -0.000 0.000 28.790
-0.025 -0.023 -0.007 0.000 -0.000 0.000 28.800
-0.025 -0.023 -0.007 0.000 -0.000 0.000 28.810
-0.025 -0.023 -0.007 0.000 -0.000 0.000 28.820
-0.025 -0.023 -0.007 0.000 -0.000 0.000 28.830
-0.025 -0.023 -0.007 0.000 -0.000 0.000 28.840
-0.025 -0.023 -0.007 0.000 -0.000 0.000 28.850
-0.025 -0.023 -0.007 0.000 -0.000 0.000 28.860
-0.025 -0.023 -0.007 0.000 -0.000 0.000 28.870
-0.025 -0.023 -0.007 0.000 -0.000 0.000 28.880
-0.025 -0.023 -0.007 0.000 -0.000 0.000 28.890
-0.025 -0.023 -0.007 0.000 -0.000 0.000 28.900
-0.025 -0.023 -0.007 0.000 -0.000 0.000 28.910
-0.025 -0.023 -0.007 0.000 -0.000 0.000 28.920
-0.025 -0.023 -0.007 0.000 -0.000 0.000 28.930
-0.025 -0.023 -0.007 0.000 -0.000 0.000 28.940
-0.025 -0.023 -0.007 0.000 -0.000 0.000 28.950
-0.025 -0.023 -0.007 0.000 -0.000 0.000 28.960
-0.025 -0.023 -0.007 0.000 -0.000 0.000 28.970
-0.025 -0.023 -0.007 0.000 -0.000 0.000 28.980
-0.025 -0.023 -0.007 0.005 0.005 0.005 28.990
-0.025 -0.023 -0.007 0.020 0.020 0.020 29.000
-0.025 -0.023 -0.007 0.036 0.036 0.036 29.010
-0.025 -0.023 -0.007 0.050 0.050 0.050 29.020
-0.025 -0.023 -0.007 0.067 0.067 0.067 29.031
-0.025 -0.023 -0.007 0.081 0.081 0.081 29.040
-0.025 -0.023 -0.007 0.097 0.097 0.097 29.050
-0.025 -0.022 -0.007 0.112 0.112 0.112 29.060
-0.025 -0.019 -0.006 0.129 0.129 0.129 29.070
-0.024 -0.010 0.002 0.143 0.143 0.143 29.080
-0.023 0.001 0.020 0.159 0.159 0.159 29.090
-0.020 0.017 0.046 0.174 0.174 0.174 29.100
-0.017 0.037 0.077 0.187 0.187 0.187 29.110
-0.010 0.060 0.108 0.201 0.201 0.201 29.120
0.002 0.084 0.138 0.217 0.217 0.217 29.130
0.024 0.108 0.163 0.230 0.230 0.230 29.140
0.056 0.136 0.193 0.244 0.244 0.244 29.150
0.092 0.166 0.220 0.257 0.257 0.257 29.160
0.128 0.194 0.242 0.271 0.271 0.271 29.170
0.165 0.216 0.259 0.284 0.284 0.284 29.180
0.201 0.236 0.272 0.296 0.296 0.296 29.190
0.232 0.254 0.285 0.309 0.309 0.309 29.200
0.258 0.273 0.298 0.321 0.321 0.321 29.210
0.282 0.294 0.311 0.333 0.333 0.333 29.220
0.302 0.315 0.325 0.345 0.345 0.345 29.230
0.318 0.335 0.337 0.356 0.356 0.356 29.240
0.334 0.359 0.355 0.367 0.367 0.367 29.250
0.350 0.382 0.371 0.377 0.377 0.377 29.260
0.365 0.399 0.384 0.387 0.387 0.387 29.271
0.383 0.414 0.394 0.397 0.397 0.397 29.280
0.399 0.425 0.405 0.406 0.406 0.406 29.290
0.413 0.435 0.414 0.415 0.415 0.415 29.300
0.425 0.444 0.423 0.425 0.425 0.425 29.310
0.437 0.454 0.434 0.432 0.432 0.432 29.321
0.449 0.465 0.444 0.440 0.440 0.440 29.331
0.459 0.474 0.452 0.447 0.447 0.447 29.340
0.469 0.483 0.461 0.454 0.454 0.454 29.350
0.478 0.491 0.469 0.460 0.460 0.460 29.360
0.484 0.500 0.478 0.466 0.466 0.466 29.370
0.492 0.509 0.486 0.471 0.471 0.471 29.380
0.499 0.518 0.495 0.476 0.476 0.476 29.390
0.509 0.527 0.504 0.481 0.481 0.481 29.400
0.518 0.536 0.512 0.485 0.485 0.485 29.410
0.526 0.545 0.520 0.489 0.489 0.489 29.420
0.533 0.551 0.526 0.492 0.492 0.492 29.430
0.539 0.555 0.531 0.494 0.494 0.494 29.440
0.545 0.558 0.535 0.496 0.496 0.496 29.450
0.549 0.560 0.539 0.498 0.498 0.498 29.460
0.553 0.560 0.540 0.499 0.499 0.499 29.470
0.555 0.560 0.540 0.500 0.500 0.500 29.480
0.557 0.560 0.540 0.500 0.500 0.500 29.490
0.557 0.560 0.540 0.500 0.500 0.500 29.500
0.557 0.560 0.540 0.499 0.499 0.499 29.510
0.558 0.560 0.540 0.497 0.497 0.497 29.520
0.558 0.560 0.540 0.496 0.496 0.496 29.530
0.558 0.560 0.540 0.493 0.493 0.493 29.540
0.558 0.560 0.540 0.491 0.491 0.491 29.550
0.558 0.560 0.540 0.487 0.487 0.487 29.560
0.558 0.560 0.540 0.484 0.484 0.484 29.570
0.558 0.560 0.540 0.479 0.479 0.479 29.580
0.558 0.560 0.540 0.475 0.475 0.475 29.590
0.558 0.559 0.540 0.469 0.469 0.469 29.600
0.558 0.556 0.540 0.464 0.464 0.464 29.610
0.558 0.552 0.540 0.458 0.458 0.458 29.620
0.558 0.545 0.540 0.451 0.451 0.451 29.630
0.557 0.536 0.539 0.444 0.444 0.444 29.640
0.557 0.526 0.531 0.437 0.437 0.437 29.650
0.557 0.516 0.517 0.429 0.429 0.429 29.660
0.556 0.505 0.500 0.420 0.420 0.420 29.670
0.555 0.493 0.480 0.412 0.412 0.412 29.680
0.555 0.479 0.460 0.403 0.403 0.403 29.690
0.553 0.463 0.442 0.393 0.393 0.393 29.700
0.545 0.448 0.426 0.383 0.383 0.383 29.710
0.529 0.433 0.411 0.373 0.373 0.373 29.720
0.507 0.418 0.396 0.362 0.362 0.362 29.730
0.483 0.399 0.383 0.351 0.351 0.351 29.740
0.459 0.382 0.369 0.341 0.341 0.341 29.750
0.436 0.368 0.357 0.328 0.328 0.328 29.760
0.414 0.355 0.345 0.316 0.316 0.316 29.770
0.394 0.342 0.331 0.304 0.304 0.304 29.780
0.375 0.328 0.320 0.291 0.291 0.291 29.790
0.355 0.316 0.308 0.278 0.278 0.278 29.800
0.336 0.302 0.296 0.267 0.267 0.267 29.810
0.318 0.288 0.284 0.253 0.253 0.253 29.820
0.299 0.275 0.270 0.239 0.239 0.239 29.830
0.279 0.262 0.257 0.226 0.226 0.226 29.840
0.258 0.250 0.242 0.211 0.211 0.211 29.850
0.238 0.239 0.228 0.197 0.197 0.197 29.860
0.219 0.227 0.215 0.183 0.183 0.183 29.870
0.200 0.213 0.203 0.168 0.168 0.168 29.880
0.182 0.199 0.188 0.153 0.153 0.153 29.890
0.164 0.183 0.174 0.138 0.138 0.138 29.900
0.146 0.167 0.159 0.123 0.123 0.123 29.910
0.129 0.151 0.145 0.108 0.108 0.108 29.920
0.113 0.136 0.130 0.092 0.092 0.092 29.930
0.097 0.122 0.116 0.077 0.077 0.077 29.940
0.080 0.107 0.101 0.061 0.061 0.061 29.951
0.065 0.092 0.086 0.045 0.045 0.045 29.959
0.051 0.078 0.073 0.030 0.030 0.030 29.971
0.036 0.064 0.057 0.014 0.014 0.014 29.979
0.019 0.048 0.042 -0.002 -0.002 -0.002 29.991
0.003 0.033 0.028 -0.017 -0.017 -0.017 29.999
-0.014 0.017 0.014 -0.033 -0.033 -0.033 30.010
-0.032 0.001 -0.001 -0.049 -0.049 -0.049 30.021
-0.049 -0.013 -0.018 -0.064 -0.064 -0.064 30.029
-0.065 -0.026 -0.033 -0.080 -0.080 -0.080 30.041
-0.081 -0.041 -0.049 -0.095 -0.095 -0.095 30.049
-0.097 -0.058 -0.065 -0.111 -0.111 -0.111 30.061
-0.113 -0.076 -0.082 -0.126 -0.126 -0.126 30.069
-0.128 -0.093 -0.097 -0.141 -0.141 -0.141 30.081
-0.144 -0.111 -0.113 -0.156 -0.156 -0.156 30.089
-0.160 -0.130 -0.129 -0.171 -0.171 -0.171 30.101
-0.176 -0.148 -0.144 -0.186 -0.186 -0.186 30.109
-0.190 -0.164 -0.159 -0.200 -0.200 -0.200 30.121
-0.205 -0.181 -0.175 -0.214 -0.214 -0.214 30.130
-0.220 -0.198 -0.189 -0.228 -0.228 -0.228 30.141
-0.232 -0.212 -0.205 -0.242 -0.242 -0.242 30.150
-0.246 -0.226 -0.218 -0.256 -0.256 -0.256 30.161
-0.261 -0.240 -0.232 -0.269 -0.269 -0.269 30.170
-0.277 -0.255 -0.244 -0.282 -0.282 -0.282 30.181
-0.293 -0.268 -0.257 -0.295 -0.295 -0.295 30.190
-0.308 -0.281 -0.269 -0.308 -0.308 -0.308 30.201
-0.323 -0.292 -0.282 -0.320 -0.320 -0.320 30.210
-0.336 -0.304 -0.296 -0.332 -0.332 -0.332 30.221
-0.350 -0.317 -0.310 -0.343 -0.343 -0.343 30.230
-0.363 -0.330 -0.324 -0.355 -0.355 -0.355 30.241
-0.376 -0.343 -0.336 -0.366 -0.366 -0.366 30.250
-0.389 -0.356 -0.349 -0.376 -0.376 -0.376 30.261
-0.402 -0.368 -0.360 -0.386 -0.386 -0.386 30.270
-0.413 -0.378 -0.372 -0.396 -0.396 -0.396 30.281
-0.424 -0.388 -0.382 -0.405 -0.405 -0.405 30.290
-0.435 -0.396 -0.392 -0.414 -0.414 -0.414 30.301
-0.445 -0.404 -0.402 -0.423 -0.423 -0.423 30.310
-0.455 -0.411 -0.412 -0.431 -0.431 -0.431 30.321
-0.465 -0.417 -0.422 -0.439 -0.439 -0.439 30.331
-0.475 -0.424 -0.431 -0.446 -0.446 -0.446 30.341
-0.484 -0.433 -0.441 -0.453 -0.453 -0.453 30.351
-0.492 -0.443 -0.449 -0.459 -0.459 -0.459 30.361
-0.500 -0.453 -0.456 -0.465 -0.465 -0.465 30.371
-0.508 -0.463 -0.464 -0.471 -0.471 -0.471 30.381
-0.515 -0.472 -0.471 -0.476 -0.476 -0.476 30.391
-0.523 -0.480 -0.478 -0.481 -0.481 -0.481 30.401
-0.530 -0.487 -0.485 -0.485 -0.485 -0.485 30.410
-0.537 -0.492 -0.490 -0.488 -0.488 -0.488 30.421
-0.542 -0.497 -0.496 -0.491 -0.491 -0.491 30.431
-0.546 -0.503 -0.501 -0.494 -0.494 -0.494 30.441
-0.549 -0.509 -0.505 -0.496 -0.496 -0.496 30.451
-0.552 -0.515 -0.509 -0.498 -0.498 -0.498 30.461
-0.554 -0.521 -0.512 -0.499 -0.499 -0.499 30.470
-0.556 -0.526 -0.515 -0.500 -0.500 -0.500 30.480
-0.557 -0.530 -0.518 -0.500 -0.500 -0.500 30.490
-0.558 -0.534 -0.521 -0.500 -0.500 -0.500 30.501
-0.558 -0.536 -0.524 -0.499 -0.499 -0.499 30.511
-0.558 -0.539 -0.525 -0.498 -0.498 -0.498 30.521
-0.558 -0.540 -0.527 -0.496 -0.496 -0.496 30.531
-0.558 -0.542 -0.528 -0.494 -0.494 -0.494 30.540
-0.558 -0.543 -0.529 -0.491 -0.491 -0.491 30.550
-0.558 -0.544 -0.529 -0.488 -0.488 -0.488 30.561
-0.558 -0.545 -0.529 -0.484 -0.484 -0.484 30.571
-0.558 -0.545 -0.530 -0.480 -0.480 -0.480 30.581
-0.558 -0.545 -0.530 -0.475 -0.475 -0.475 30.591
-0.558 -0.546 -0.529 -0.470 -0.470 -0.470 30.601
-0.558 -0.546 -0.529 -0.464 -0.464 -0.464 30.610
-0.558 -0.546 -0.529 -0.458 -0.458 -0.458 30.621
-0.558 -0.546 -0.529 -0.452 -0.452 -0.452 30.631
-0.558 -0.546 -0.529 -0.445 -0.445 -0.445 30.641
-0.558 -0.546 -0.529 -0.437 -0.437 -0.437 30.651
-0.558 -0.544 -0.528 -0.430 -0.430 -0.430 30.661
-0.558 -0.538 -0.521 -0.421 -0.421 -0.421 30.671
-0.557 -0.528 -0.513 -0.413 -0.413 -0.413 30.681
-0.556 -0.516 -0.500 -0.404 -0.404 -0.404 30.691
-0.554 -0.502 -0.483 -0.394 -0.394 -0.394 30.701
-0.553 -0.487 -0.465 -0.384 -0.384 -0.384 30.711
-0.547 -0.471 -0.446 -0.374 -0.374 -0.374 30.721
-0.535 -0.454 -0.428 -0.363 -0.363 -0.363 30.731
-0.514 -0.436 -0.411 -0.352 -0.352 -0.352 30.741
-0.487 -0.417 -0.393 -0.341 -0.341 -0.341 30.751
-0.457 -0.397 -0.376 -0.329 -0.329 -0.329 30.761
-0.426 -0.378 -0.360 -0.317 -0.317 -0.317 30.771
-0.396 -0.360 -0.345 -0.305 -0.305 -0.305 30.781
-0.368 -0.342 -0.330 -0.293 -0.293 -0.293 30.791
-0.343 -0.324 -0.317 -0.280 -0.280 -0.280 30.801
-0.321 -0.306 -0.305 -0.267 -0.267 -0.267 30.809
-0.301 -0.289 -0.291 -0.253 -0.253 -0.253 30.821
-0.283 -0.273 -0.275 -0.239 -0.239 -0.239 30.831
-0.267 -0.260 -0.260 -0.226 -0.226 -0.226 30.841
-0.252 -0.243 -0.245 -0.211 -0.211 -0.211 30.851
-0.237 -0.226 -0.230 -0.197 -0.197 -0.197 30.861
-0.222 -0.211 -0.216 -0.183 -0.183 -0.183 30.871
-0.206 -0.195 -0.202 -0.168 -0.168 -0.168 30.881
-0.189 -0.179 -0.189 -0.153 -0.153 -0.153 30.892
-0.172 -0.164 -0.174 -0.138 -0.138 -0.138 30.901
-0.155 -0.149 -0.159 -0.123 -0.123 -0.123 30.911
-0.137 -0.134 -0.145 -0.108 -0.108 -0.108 30.922
-0.120 -0.120 -0.130 -0.092 -0.092 -0.092 30.931
-0.103 -0.104 -0.114 -0.077 -0.077 -0.077 30.942
-0.087 -0.089 -0.099 -0.061 -0.061 -0.061 30.951
-0.071 -0.075 -0.084 -0.045 -0.045 -0.045 30.962
-0.057 -0.059 -0.070 -0.030 -0.030 -0.030 30.971
-0.043 -0.042 -0.055 -0.014 -0.014 -0.014 30.982
-0.030 -0.028 -0.042 0.002 0.002 0.002 30.991
-0.017 -0.014 -0.028 0.017 0.017 0.017 31.002
-0.003 -0.000 -0.012 0.033 0.033 0.033 31.010
0.011 0.015 0.005 0.049 0.049 0.049 31.022
0.025 0.031 0.023 0.064 0.064 0.064 31.031
0.040 0.047 0.039 0.080 0.080 0.080 31.042
0.057 0.065 0.056 0.095 0.095 0.095 31.051
0.073 0.082 0.073 0.111 0.111 0.111 31.062
0.089 0.097 0.089 0.126 0.126 0.126 31.071
0.105 0.113 0.104 0.141 0.141 0.141 31.082
0.120 0.128 0.120 0.156 0.156 0.156 31.091
0.136 0.142 0.135 0.171 0.171 0.171 31.102
0.151 0.157 0.150 0.186 0.186 0.186 31.110
0.166 0.173 0.164 0.200 0.200 0.200 31.122
0.182 0.188 0.179 0.214 0.214 0.214 31.131
0.198 0.203 0.193 0.228 0.228 0.228 31.142
0.214 0.218 0.207 0.242 0.242 0.242 31.151
0.230 0.233 0.220 0.256 0.256 0.256 31.162
0.244 0.246 0.235 0.269 0.269 0.269 31.171
0.258 0.259 0.249 0.282 0.282 0.282 31.182
0.272 0.271 0.264 0.295 0.295 0.295 31.191
0.285 0.287 0.277 0.308 0.308 0.308 31.202
0.298 0.302 0.292 0.320 0.320 0.320 31.211
0.311 0.317 0.306 0.332 0.332 0.332 31.222
0.326 0.331 0.320 0.343 0.343 0.343 31.231
0.339 0.345 0.333 0.355 0.355 0.355 31.242
0.352 0.358 0.345 0.366 0.366 0.366 31.251
0.363 0.371 0.358 0.376 0.376 0.376 31.262
0.373 0.382 0.369 0.386 0.386 0.386 31.271
0.383 0.393 0.381 0.396 0.396 0.396 31.282
0.391 0.405 0.391 0.405 0.405 0.405 31.291
0.398 0.417 0.402 0.414 0.414 0.414 31.302
0.405 0.428 0.412 0.423 0.423 0.423 31.311
0.413 0.438 0.422 0.431 0.431 0.431 31.322
0.421 0.447 0.432 0.439 0.439 0.439 31.332
0.429 0.456 0.442 0.446 0.446 0.446 31.342
0.439 0.465 0.451 0.453 0.453 0.453 31.352
0.447 0.473 0.459 0.460 0.460 0.460 31.362
0.457 0.480 0.467 0.466 0.466 0.466 31.372
0.465 0.488 0.475 0.471 0.471 0.471 31.382
0.473 0.495 0.482 0.476 0.476 0.476 31.392
0.481 0.501 0.489 0.481 0.481 0.481 31.402
0.488 0.508 0.495 0.485 0.485 0.485 31.412
0.494 0.515 0.501 0.489 0.489 0.489 31.422
0.501 0.521 0.506 0.492 0.492 0.492 31.432
0.507 0.527 0.511 0.494 0.494 0.494 31.442
0.513 0.532 0.517 0.496 0.496 0.496 31.452
0.518 0.537 0.522 0.498 0.498 0.498 31.462
0.522 0.542 0.526 0.499 0.499 0.499 31.472
0.524 0.546 0.529 0.500 0.500 0.500 31.482
0.526 0.548 0.532 0.500 0.500 0.500 31.492
0.527 0.550 0.534 0.500 0.500 0.500 31.502
0.529 0.551 0.536 0.499 0.499 0.499 31.512
0.531 0.551 0.537 0.498 0.498 0.498 31.522
0.532 0.551 0.538 0.496 0.496 0.496 31.532
0.534 0.551 0.538 0.493 0.493 0.493 31.542
0.536 0.551 0.538 0.491 0.491 0.491 31.552
0.538 0.551 0.538 0.487 0.487 0.487 31.562
0.539 0.551 0.538 0.484 0.484 0.484 31.572
0.540 0.551 0.539 0.479 0.479 0.479 31.582
0.540 0.551 0.538 0.475 0.475 0.475 31.592
0.540 0.551 0.538 0.469 0.469 0.469 31.602
0.540 0.551 0.538 0.464 0.464 0.464 31.612
0.540 0.551 0.538 0.458 0.458 0.458 31.622
0.540 0.550 0.538 0.451 0.451 0.451 31.632
0.540 0.548 0.538 0.444 0.444 0.444 31.642
0.540 0.543 0.538 0.437 0.437 0.437 31.652
0.539 0.536 0.537 0.429 0.429 0.429 31.662
0.539 0.527 0.526 0.420 0.420 0.420 31.672
0.539 0.516 0.511 0.412 0.412 0.412 31.682
0.538 0.504 0.492 0.403 0.403 0.403 31.692
0.537 0.489 0.468 0.393 0.393 0.393 31.702
0.537 0.475 0.444 0.383 0.383 0.383 31.712
0.536 0.458 0.421 0.373 0.373 0.373 31.722
0.536 0.439 0.399 0.362 0.362 0.362 31.732
0.536 0.419 0.378 0.350 0.350 0.350 31.743
0.536 0.399 0.361 0.339 0.339 0.339 31.752
0.535 0.379 0.345 0.327 0.327 0.327 31.762
0.530 0.361 0.331 0.315 0.315 0.315 31.772
0.514 0.346 0.321 0.303 0.303 0.303 31.782
0.490 0.331 0.310 0.290 0.290 0.290 31.793
0.463 0.312 0.299 0.277 0.277 0.277 31.802
0.431 0.295 0.288 0.265 0.265 0.265 31.812
0.398 0.281 0.279 0.252 0.252 0.252 31.822
0.363 0.268 0.270 0.237 0.237 0.237 31.832
0.330 0.254 0.256 0.223 0.223 0.223 31.842
0.298 0.241 0.243 0.209 0.209 0.209 31.853
0.265 0.230 0.229 0.194 0.194 0.194 31.863
0.233 0.220 0.214 0.180 0.180 0.180 31.873
0.205 0.209 0.199 0.165 0.165 0.165 31.883
0.178 0.196 0.185 0.150 0.150 0.150 31.893
0.153 0.182 0.168 0.135 0.135 0.135 31.903
0.129 0.168 0.154 0.121 0.121 0.121 31.912
0.106 0.151 0.139 0.104 0.104 0.104 31.923
0.086 0.134 0.125 0.089 0.089 0.089 31.933
0.067 0.117 0.111 0.074 0.074 0.074 31.943
0.051 0.101 0.097 0.058 0.058 0.058 31.953
0.035 0.084 0.084 0.042 0.042 0.042 31.963
0.019 0.068 0.071 0.027 0.027 0.027 31.973
0.004 0.052 0.056 0.011 0.011 0.011 31.983
-0.013 0.036 0.041 0.011 0.011 0.011 31.993
-0.029 0.019 0.027 0.011 0.011 0.011 32.003
-0.045 0.004 0.014 0.011 0.011 0.011 32.012
-0.060 -0.010 -0.001 0.011 0.011 0.011 32.023
-0.077 -0.025 -0.018 0.011 0.011 0.011 32.033
-0.093 -0.038 -0.033 0.011 0.011 0.011 32.043
-0.108 -0.048 -0.043 0.011 0.011 0.011 32.053
-0.120 -0.057 -0.048 0.011 0.011 0.011 32.063
-0.127 -0.063 -0.050 0.011 0.011 0.011 32.073
-0.130 -0.065 -0.050 0.011 0.011 0.011 32.083
-0.130 -0.064 -0.049 0.011 0.011 0.011 32.093
-0.130 -0.064 -0.049 0.011 0.011 0.011 32.103
-0.130 -0.064 -0.048 0.011 0.011 0.011 32.113
-0.129 -0.064 -0.049 0.011 0.011 0.011 32.123
-0.129 -0.064 -0.049 0.011 0.011 0.011 32.133
-0.130 -0.064 -0.049 0.011 0.011 0.011 32.143
-0.130 -0.064 -0.048 0.011 0.011 0.011 32.153
-0.129 -0.064 -0.045 0.011 0.011 0.011 32.162
-0.128 -0.064 -0.043 0.011 0.011 0.011 32.172
-0.126 -0.064 -0.040 0.011 0.011 0.011 32.183
-0.125 -0.063 -0.033 0.011 0.011 0.011 32.193
-0.124 -0.061 -0.025 0.011 0.011 0.011 32.203
-0.122 -0.057 -0.018 0.011 0.011 0.011 32.213
-0.118 -0.053 -0.009 0.011 0.011 0.011 32.223
-0.113 -0.048 -0.001 0.011 0.011 0.011 32.233
-0.105 -0.042 0.006 0.011 0.011 0.011 32.243
-0.096 -0.034 0.013 0.011 0.011 0.011 32.253
-0.084 -0.028 0.017 0.011 0.011 0.011 32.263
-0.069 -0.021 0.021 0.011 0.011 0.011 32.273
-0.055 -0.013 0.023 0.011 0.011 0.011 32.283
-0.040 -0.005 0.024 0.011 0.011 0.011 32.293
-0.025 0.002 0.024 0.011 0.011 0.011 32.303
-0.010 0.007 0.023 0.011 0.011 0.011 32.313
0.003 0.012 0.023 0.011 0.011 0.011 32.323
0.013 0.017 0.023 0.011 0.011 0.011 32.333
0.022 0.020 0.023 0.011 0.011 0.011 32.343
0.029 0.021 0.023 0.011 0.011 0.011 32.353
0.034 0.022 0.023 0.011 0.011 0.011 32.363
0.036 0.023 0.023 0.011 0.011 0.011 32.373
0.037 0.024 0.023 0.011 0.011 0.011 32.383
0.037 0.024 0.023 0.011 0.011 0.011 32.393
0.037 0.024 0.023 0.011 0.011 0.011 32.403
0.037 0.024 0.023 0.011 0.011 0.011 32.413
0.037 0.024 0.023 0.011 0.011 0.011 32.423
0.037 0.024 0.023 0.011 0.011 0.011 32.433
0.037 0.024 0.023 0.011 0.011 0.011 32.443
0.037 0.024 0.023 0.011 0.011 0.011 32.453
0.037 0.025 0.023 0.011 0.011 0.011 32.463
0.037 0.025 0.024 0.011 0.011 0.011 32.473
0.037 0.026 0.024 0.011 0.011 0.011 32.483
0.037 0.026 0.024 0.011 0.011 0.011 32.493
0.037 0.026 0.024 0.011 0.011 0.011 32.503
0.037 0.026 0.024 0.011 0.011 0.011 32.513
0.037 0.027 0.024 0.011 0.011 0.011 32.523
0.037 0.027 0.024 0.011 0.011 0.011 32.533
0.037 0.027 0.024 0.011 0.011 0.011 32.543
0.037 0.027 0.024 0.011 0.011 0.011 32.553
0.037 0.028 0.024 0.011 0.011 0.011 32.563
0.037 0.028 0.024 0.011 0.011 0.011 32.573
0.037 0.028 0.024 0.011 0.011 0.011 32.583
0.037 0.028 0.024 0.011 0.011 0.011 32.593
0.037 0.028 0.024 0.011 0.011 0.011 32.603
0.037 0.028 0.024 0.011 0.011 0.011 32.613
0.037 0.029 0.024 0.011 0.011 0.011 32.623
0.037 0.029 0.024 0.011 0.011 0.011 32.633
0.037 0.029 0.025 0.011 0.011 0.011 32.643
0.037 0.029 0.025 0.011 0.011 0.011 32.653
0.037 0.029 0.025 0.011 0.011 0.011 32.663
0.037 0.030 0.025 0.011 0.011 0.011 32.673
0.037 0.030 0.025 0.011 0.011 0.011 32.683
0.037 0.030 0.025 0.011 0.011 0.011 32.693
0.037 0.030 0.025 0.011 0.011 0.011 32.703
0.037 0.030 0.025 0.011 0.011 0.011 32.713
0.037 0.031 0.025 0.011 0.011 0.011 32.723
0.037 0.031 0.025 0.011 0.011 0.011 32.733
0.037 0.031 0.025 0.011 0.011 0.011 32.743
0.037 0.031 0.025 0.011 0.011 0.011 32.753
0.037 0.031 0.025 0.011 0.011 0.011 32.763
0.037 0.031 0.025 0.011 0.011 0.011 32.773
0.037 0.032 0.025 0.011 0.011 0.011 32.783
0.037 0.032 0.025 0.011 0.011 0.011 32.793
0.037 0.032 0.026 0.011 0.011 0.011 32.803
0.037 0.032 0.026 0.011 0.011 0.011 32.813
0.037 0.032 0.026 0.011 0.011 0.011 32.823
0.037 0.032 0.026 0.011 0.011 0.011 32.833
0.037 0.032 0.026 0.011 0.011 0.011 32.843
0.037 0.032 0.026 0.011 0.011 0.011 32.853
0.037 0.033 0.026 0.011 0.011 0.011 32.863
0.037 0.033 0.026 0.011 0.011 0.011 32.873
0.037 0.033 0.026 0.011 0.011 0.011 32.883
0.037 0.033 0.026 0.011 0.011 0.011 32.893
0.037 0.033 0.026 0.011 0.011 0.011 32.903
0.037 0.033 0.026 0.011 0.011 0.011 32.913
0.037 0.034 0.026 0.011 0.011 0.011 32.923
0.037 0.034 0.026 0.011 0.011 0.011 32.933
0.037 0.034 0.026 0.011 0.011 0.011 32.943
0.037 0.034 0.026 0.011 0.011 0.011 32.953
0.037 0.034 0.026 0.011 0.011 0.011 32.963
0.037 0.034 0.026 0.011 0.011 0.011 32.973
0.037 0.034 0.026 0.011 0.011 0.011 32.983
0.037 0.034 0.026 0.011 0.011 0.011 32.993
0.037 0.034 0.026 0.011 0.011 0.011 33.003
0.037 0.035 0.026 0.011 0.011 0.011 33.013
0.037 0.035 0.026 0.011 0.011 0.011 33.023
0.037 0.035 0.026 0.011 0.011 0.011 33.033
0.037 0.035 0.026 0.011 0.011 0.011 33.043
0.037 0.035 0.026 0.011 0.011 0.011 33.053
0.037 0.035 0.026 0.011 0.011 0.011 33.063
0.037 0.035 0.026 0.011 0.011 0.011 33.073
0.037 0.035 0.026 0.011 0.011 0.011 33.083
0.037 0.035 0.026 0.011 0.011 0.011 33.093
0.037 0.035 0.026 0.011 0.011 0.011 33.103
0.037 0.036 0.026 0.011 0.011 0.011 33.113
0.037 0.036 0.026 0.011 0.011 0.011 33.123
0.037 0.036 0.026 0.011 0.011 0.011 33.133
0.037 0.036 0.026 0.011 0.011 0.011 33.142
0.037 0.036 0.026 0.011 0.011 0.011 33.153
0.037 0.036 0.026 0.011 0.011 0.011 33.163
0.037 0.036 0.026 0.011 0.011 0.011 33.173
0.037 0.036 0.027 0.011 0.011 0.011 33.183
0.037 0.036 0.027 0.011 0.011 0.011 33.193
0.037 0.036 0.027 0.011 0.011 0.011 33.203
0.037 0.036 0.027 0.011 0.011 0.011 33.212
0.037 0.036 0.027 0.011 0.011 0.011 33.222
0.037 0.037 0.027 0.011 0.011 0.011 33.232
0.037 0.037 0.027 0.011 0.011 0.011 33.242
0.037 0.037 0.027 0.011 0.011 0.011 33.252
0.037 0.037 0.027 0.011 0.011 0.011 33.263
0.037 0.037 0.027 0.011 0.011 0.011 33.272
0.037 0.037 0.027 0.011 0.011 0.011 33.282
0.037 0.037 0.027 0.011 0.011 0.011 33.292
0.037 0.037 0.027 0.011 0.011 0.011 33.303
0.037 0.037 0.027 0.011 0.011 0.011 33.312
0.037 0.037 0.027 0.011 0.011 0.011 33.323
0.037 0.037 0.027 0.011 0.011 0.011 33.332
0.037 0.037 0.027 0.011 0.011 0.011 33.342
0.037 0.037 0.027 0.011 0.011 0.011 33.352
0.037 0.038 0.027 0.011 0.011 0.011 33.362
0.037 0.038 0.027 0.011 0.011 0.011 33.372
0.037 0.038 0.027 0.011 0.011 0.011 33.382
0.037 0.038 0.027 0.011 0.011 0.011 33.392
0.037 0.038 0.027 0.011 0.011 0.011 33.402
0.037 0.038 0.027 0.011 0.011 0.011 33.412
0.037 0.038 0.027 0.011 0.011 0.011 33.422
0.037 0.038 0.027 0.011 0.011 0.011 33.432
0.037 0.038 0.027 0.011 0.011 0.011 33.442
0.037 0.038 0.027 0.011 0.011 0.011 33.452
0.037 0.038 0.027 0.011 0.011 0.011 33.462
0.037 0.038 0.027 0.011 0.011 0.011 33.472
0.037 0.038 0.027 0.011 0.011 0.011 33.482
0.037 0.039 0.027 0.011 0.011 0.011 33.492
0.037 0.039 0.027 0.011 0.011 0.011 33.502
0.037 0.039 0.027 0.011 0.011 0.011 33.512
0.037 0.039 0.027 0.011 0.011 0.011 33.522
0.037 0.039 0.027 0.011 0.011 0.011 33.532
0.037 0.039 0.027 0.011 0.011 0.011 33.542
0.037 0.039 0.027 0.011 0.011 0.011 33.552
0.037 0.039 0.027 0.011 0.011 0.011 33.562
0.037 0.039 0.027 0.011 0.011 0.011 33.572
0.037 0.039 0.027 0.011 0.011 0.011 33.582
0.037 0.039 0.027 0.011 0.011 0.011 33.592
0.037 0.039 0.027 0.011 0.011 0.011 33.602
0.037 0.039 0.027 0.011 0.011 0.011 33.612
0.037 0.039 0.027 0.011 0.011 0.011 33.622
0.037 0.040 0.028 0.011 0.011 0.011 33.632
0.037 0.040 0.028 0.011 0.011 0.011 33.642
0.037 0.040 0.028 0.011 0.011 0.011 33.652
0.037 0.040 0.028 0.011 0.011 0.011 33.662
0.037 0.040 0.028 0.011 0.011 0.011 33.672
0.037 0.040 0.028 0.011 0.011 0.011 33.682
0.037 0.040 0.028 0.011 0.011 0.011 33.692
0.037 0.040 0.028 0.011 0.011 0.011 33.702
0.037 0.040 0.028 0.011 0.011 0.011 33.712
0.037 0.040 0.028 0.011 0.011 0.011 33.722
0.037 0.040 0.028 0.011 0.011 0.011 33.732
0.037 0.040 0.028 0.011 0.011 0.011 33.742
0.037 0.040 0.028 0.011 0.011 0.011 33.752
0.037 0.040 0.028 0.011 0.011 0.011 33.762
0.037 0.040 0.028 0.011 0.011 0.011 33.772
0.037 0.040 0.028 0.011 0.011 0.011 33.782
0.037 0.040 0.028 0.011 0.011 0.011 33.792
0.037 0.040 0.028 0.011 0.011 0.011 33.802
0.037 0.041 0.028 0.011 0.011 0.011 33.812
0.037 0.041 0.028 0.011 0.011 0.011 33.822
0.037 0.041 0.028 0.011 0.011 0.011 33.832
0.037 0.041 0.028 0.011 0.011 0.011 33.842
0.037 0.041 0.028 0.011 0.011 0.011 33.852
0.037 0.041 0.028 0.011 0.011 0.011 33.862
0.037 0.041 0.028 0.011 0.011 0.011 33.872
0.037 0.041 0.028 0.011 0.011 0.011 33.882
0.037 0.041 0.028 0.011 0.011 0.011 33.892
0.037 0.041 0.028 0.011 0.011 0.011 33.902
0.037 0.041 0.028 0.011 0.011 0.011 33.912
0.037 0.041 0.028 0.011 0.011 0.011 33.922
0.037 0.041 0.028 0.011 0.011 0.011 33.932
0.037 0.041 0.028 0.011 0.011 0.011 33.942
0.037 0.041 0.028 0.011 0.011 0.011 33.952
0.037 0.041 0.028 0.011 0.011 0.011 33.962
0.037 0.041 0.028 0.011 0.011 0.011 33.972
0.037 0.041 0.028 0.011 0.011 0.011 33.982
0.037 0.041 0.028 0.011 0.011 0.011 33.992
0.037 0.041 0.028 0.011 0.011 0.011 34.002
0.037 0.041 0.028 0.011 0.011 0.011 34.012
0.037 0.041 0.028 0.011 0.011 0.011 34.022
0.037 0.041 0.028 0.011 0.011 0.011 34.032
0.037 0.041 0.028 0.011 0.011 0.011 34.042
0.037 0.042 0.028 0.011 0.011 0.011 34.052
0.037 0.042 0.028 0.011 0.011 0.011 34.062
0.037 0.042 0.028 0.011 0.011 0.011 34.072
0.037 0.042 0.028 0.011 0.011 0.011 34.082
0.037 0.042 0.028 0.011 0.011 0.011 34.092
0.037 0.042 0.028 0.011 0.011 0.011 34.102
0.037 0.042 0.028 0.011 0.011 0.011 34.112
0.037 0.042 0.028 0.011 0.011 0.011 34.122
0.037 0.042 0.028 0.011 0.011 0.011 34.132
0.037 0.042 0.028 0.011 0.011 0.011 34.142
0.037 0.042 0.028 0.011 0.011 0.011 34.152
0.037 0.042 0.028 0.011 0.011 0.011 34.162
0.037 0.042 0.028 0.011 0.011 0.011 34.172
0.037 0.042 0.028 0.011 0.011 0.011 34.182
0.037 0.042 0.028 0.011 0.011 0.011 34.192
0.037 0.042 0.028 0.011 0.011 0.011 34.202
0.037 0.042 0.028 0.011 0.011 0.011 34.212
0.037 0.042 0.028 0.011 0.011 0.011 34.222
0.037 0.042 0.028 0.011 0.011 0.011 34.232
0.037 0.042 0.028 0.011 0.011 0.011 34.242
0.037 0.042 0.028 0.011 0.011 0.011 34.252
0.037 0.042 0.028 0.011 0.011 0.011 34.262
0.037 0.042 0.028 0.011 0.011 0.011 34.272
0.037 0.042 0.028 0.011 0.011 0.011 34.282
0.037 0.042 0.028 0.011 0.011 0.011 34.292
0.037 0.042 0.028 0.011 0.011 0.011 34.302
0.037 0.042 0.028 0.011 0.011 0.011 34.312
0.037 0.042 0.028 0.011 0.011 0.011 34.322
0.037 0.042 0.028 0.011 0.011 0.011 34.332
0.037 0.042 0.028 0.011 0.011 0.011 34.342
0.037 0.042 0.028 0.011 0.011 0.011 34.352
0.037 0.042 0.028 0.011 0.011 0.011 34.362
0.037 0.042 0.028 0.011 0.011 0.011 34.372
0.037 0.042 0.028 0.011 0.011 0.011 34.382
0.037 0.042 0.028 0.011 0.011 0.011 34.392
0.037 0.042 0.028 0.011 0.011 0.011 34.402
0.037 0.042 0.028 0.011 0.011 0.011 34.412
0.037 0.042 0.028 0.011 0.011 0.011 34.422
0.037 0.042 0.028 0.011 0.011 0.011 34.432
0.037 0.042 0.028 0.011 0.011 0.011 34.442
0.037 0.042 0.028 0.011 0.011 0.011 34.452
0.037 0.042 0.028 0.011 0.011 0.011 34.462
0.037 0.042 0.028 0.011 0.011 0.011 34.472
0.037 0.042 0.028 0.011 0.011 0.011 34.482
0.037 0.042 0.028 0.011 0.011 0.011 34.492
0.037 0.042 0.028 0.011 0.011 0.011 34.502
0.037 0.042 0.028 0.011 0.011 0.011 34.512
0.037 0.042 0.028 0.011 0.011 0.011 34.522
0.037 0.042 0.028 0.011 0.011 0.011 34.532
0.037 0.042 0.028 0.011 0.011 0.011 34.542
0.037 0.042 0.028 0.011 0.011 0.011 34.552
0.037 0.042 0.028 0.011 0.011 0.011 34.562
0.037 0.042 0.028 0.011 0.011 0.011 34.572
0.037 0.042 0.028 0.011 0.011 0.011 34.582
0.037 0.042 0.028 0.011 0.011 0.011 34.592
0.037 0.042 0.028 0.011 0.011 0.011 34.602
0.037 0.042 0.029 0.011 0.011 0.011 34.612
0.037 0.042 0.029 0.011 0.011 0.011 34.622
0.037 0.042 0.028 0.011 0.011 0.011 34.632
0.037 0.042 0.028 0.011 0.011 0.011 34.642
0.037 0.042 0.028 0.011 0.011 0.011 34.652
0.037 0.042 0.029 0.011 0.011 0.011 34.662
0.037 0.042 0.029 0.011 0.011 0.011 34.672
0.037 0.042 0.029 0.011 0.011 0.011 34.682
0.037 0.042 0.029 0.011 0.011 0.011 34.692
0.037 0.042 0.029 0.011 0.011 0.011 34.702
0.037 0.042 0.029 0.011 0.011 0.011 34.712
0.037 0.042 0.029 0.011 0.011 0.011 34.722
0.037 0.042 0.029 0.011 0.011 0.011 34.732
0.037 0.042 0.029 0.011 0.011 0.011 34.742
0.037 0.042 0.029 0.011 0.011 0.011 34.752
0.037 0.043 0.029 0.011 0.011 0.011 34.762
0.037 0.043 0.029 0.011 0.011 0.011 34.772
0.037 0.043 0.029 0.011 0.011 0.011 34.782
0.037 0.043 0.029 0.011 0.011 0.011 34.792
0.037 0.043 0.029 0.011 0.011 0.011 34.802
0.037 0.043 0.029 0.011 0.011 0.011 34.812
0.037 0.043 0.029 0.011 0.011 0.011 34.822
0.037 0.043 0.029 0.011 0.011 0.011 34.832
0.037 0.043 0.029 0.011 0.011 0.011 34.842
0.037 0.043 0.029 0.011 0.011 0.011 34.852
0.037 0.043 0.029 0.011 0.011 0.011 34.862
0.037 0.043 0.029 0.011 0.011 0.011 34.872
0.037 0.043 0.029 0.011 0.011 0.011 34.882
0.037 0.043 0.029 0.011 0.011 0.011 34.892
0.037 0.043 0.029 0.011 0.011 0.011 34.902
0.037 0.043 0.029 0.011 0.011 0.011 34.912
0.037 0.043 0.029 0.011 0.011 0.011 34.922
0.037 0.043 0.029 0.011 0.011 0.011 34.932
0.037 0.043 0.029 0.011 0.011 0.011 34.942
0.037 0.043 0.029 0.011 0.011 0.011 34.952
0.037 0.043 0.029 0.011 0.011 0.011 34.962
0.037 0.043 0.029 0.011 0.011 0.011 34.972
0.037 0.043 0.029 0.011 0.011 0.011 34.982
0.037 0.043 0.029 0.011 0.011 0.011 34.992
0.037 0.043 0.029 0.011 0.011 0.011 35.002
0.037 0.043 0.029 0.011 0.011 0.011 35.012
0.037 0.043 0.029 0.011 0.011 0.011 35.022
0.037 0.043 0.029 0.011 0.011 0.011 35.032
0.038 0.043 0.029 0.011 0.011 0.011 35.042
0.038 0.043 0.029 0.011 0.011 0.011 35.051
0.037 0.043 0.029 0.011 0.011 0.011 35.062
0.037 0.043 0.029 0.011 0.011 0.011 35.072
0.037 0.043 0.029 0.011 0.011 0.011 35.082
0.038 0.043 0.029 0.011 0.011 0.011 35.092
0.038 0.043 0.029 0.011 0.011 0.011 35.102
0.038 0.043 0.029 0.011 0.011 0.011 35.112
0.038 0.043 0.029 0.011 0.011 0.011 35.122
0.038 0.043 0.029 0.011 0.011 0.011 35.132
0.038 0.043 0.029 0.011 0.011 0.011 35.142
0.038 0.044 0.029 0.011 0.011 0.011 35.152
0.038 0.044 0.029 0.011 0.011 0.011 35.162
0.038 0.044 0.029 0.011 0.011 0.011 35.172
0.038 0.044 0.029 0.011 0.011 0.011 35.182
0.038 0.044 0.029 0.011 0.011 0.011 35.192
0.038 0.044 0.029 0.011 0.011 0.011 35.202
0.038 0.044 0.029 0.011 0.011 0.011 35.212
0.038 0.044 0.029 0.011 0.011 0.011 35.219
0.038 0.044 0.029 0.011 0.011 0.011 35.231
0.038 0.044 0.029 0.011 0.011 0.011 35.242
0.038 0.044 0.029 0.011 0.011 0.011 35.251
0.038 0.044 0.029 0.011 0.011 0.011 35.260
0.038 0.044 0.029 0.011 0.011 0.011 35.270
0.038 0.044 0.029 0.011 0.011 0.011 35.280
0.038 0.044 0.029 0.011 0.011 0.011 35.290
0.038 0.044 0.029 0.011 0.011 0.011 35.300
0.038 0.044 0.029 0.011 0.011 0.011 35.310
0.038 0.044 0.029 0.011 0.011 0.011 35.319
0.038 0.044 0.029 0.011 0.011 0.011 35.331
0.038 0.044 0.029 0.011 0.011 0.011 35.340
0.038 0.044 0.029 0.011 0.011 0.011 35.350
0.038 0.044 0.029 0.011 0.011 0.011 35.360
0.038 0.044 0.029 0.011 0.011 0.011 35.370
0.038 0.044 0.029 0.011 0.011 0.011 35.380
0.038 0.044 0.029 0.011 0.011 0.011 35.390
0.038 0.044 0.029 0.011 0.011 0.011 35.400
0.038 0.044 0.029 0.011 0.011 0.011 35.410
0.038 0.044 0.029 0.011 0.011 0.011 35.419
0.038 0.044 0.029 0.011 0.011 0.011 35.431
0.038 0.044 0.029 0.011 0.011 0.011 35.440
0.038 0.044 0.029 0.011 0.011 0.011 35.450
0.038 0.044 0.029 0.011 0.011 0.011 35.460
0.038 0.044 0.029 0.011 0.011 0.011 35.470
0.038 0.044 0.029 0.011 0.011 0.011 35.480
0.038 0.044 0.029 0.011 0.011 0.011 35.490
0.038 0.044 0.029 0.011 0.011 0.011 35.499
0.038 0.044 0.029 0.011 0.011 0.011 35.511
0.038 0.044 0.029 0.011 0.011 0.011 35.519
0.038 0.044 0.029 0.011 0.011 0.011 35.531
0.038 0.044 0.029 0.011 0.011 0.011 35.540
0.038 0.044 0.029 0.011 0.011 0.011 35.550
0.038 0.044 0.029 0.011 0.011 0.011 35.560
0.038 0.044 0.029 0.011 0.011 0.011 35.570
0.038 0.044 0.029 0.011 0.011 0.011 35.580
0.038 0.044 0.029 0.011 0.011 0.011 35.590
0.038 0.044 0.029 0.011 0.011 0.011 35.600
0.038 0.044 0.029 0.011 0.011 0.011 35.610
0.038 0.044 0.029 0.011 0.011 0.011 35.619
0.038 0.044 0.029 0.011 0.011 0.011 35.630
0.038 0.044 0.029 0.011 0.011 0.011 35.641
0.038 0.044 0.029 0.011 0.011 0.011 35.649
0.038 0.044 0.029 0.011 0.011 0.011 35.660
0.038 0.044 0.029 0.011 0.011 0.011 35.670
0.038 0.044 0.030 0.011 0.011 0.011 35.679
0.038 0.044 0.030 0.011 0.011 0.011 35.689
0.038 0.044 0.030 0.011 0.011 0.011 35.700
0.038 0.044 0.030 0.011 0.011 0.011 35.709
0.038 0.044 0.030 0.011 0.011 0.011 35.719
0.038 0.044 0.030 0.011 0.011 0.011 35.729
0.038 0.044 0.030 0.011 0.011 0.011 35.740
0.038 0.044 0.030 0.011 0.011 0.011 35.749
0.038 0.044 0.030 0.011 0.011 0.011 35.759
0.038 0.044 0.030 0.011 0.011 0.011 35.769
0.038 0.044 0.030 0.011 0.011 0.011 35.780
0.038 0.044 0.030 0.011 0.011 0.011 35.789
0.038 0.044 0.030 0.011 0.011 0.011 35.799
0.038 0.044 0.030 0.011 0.011 0.011 35.809
0.038 0.044 0.030 0.011 0.011 0.011 35.820
0.038 0.044 0.030 0.011 0.011 0.011 35.829
0.038 0.044 0.030 0.011 0.011 0.011 35.839
0.038 0.044 0.030 0.011 0.011 0.011 35.849
0.038 0.044 0.030 0.011 0.011 0.011 35.860
0.038 0.044 0.030 0.011 0.011 0.011 35.869
0.038 0.044 0.030 0.011 0.011 0.011 35.879
0.038 0.044 0.030 0.011 0.011 0.011 35.889
0.038 0.044 0.030 0.011 0.011 0.011 35.900
0.038 0.044 0.030 0.011 0.011 0.011 35.909
0.038 0.044 0.030 0.011 0.011 0.011 35.919
0.038 0.044 0.030 0.011 0.011 0.011 35.929
0.038 0.044 0.030 0.011 0.011 0.011 35.941
0.038 0.045 0.030 0.011 0.011 0.011 35.949
0.038 0.045 0.030 0.011 0.011 0.011 35.961
0.038 0.045 0.030 0.011 0.011 0.011 35.969
0.038 0.045 0.030 0.011 0.011 0.011 35.981
0.038 0.045 0.030 0.011 0.011 0.011 35.989
0.038 0.044 0.030 0.011 0.011 0.011 36.000
0.038 0.044 0.030 0.011 0.011 0.011 36.009
0.038 0.044 0.030 0.011 0.011 0.011 36.019
0.038 0.044 0.030 0.011 0.011 0.011 36.029
0.038 0.044 0.030 0.011 0.011 0.011 36.041