-0.004 -0.040 0.030 -0.004 -0.040 0.030 38.550
-0.004 -0.040 0.030 -0.004 -0.040 0.030 38.559
-0.004 -0.040 0.030 -0.004 -0.040 0.030 38.569
-0.004 -0.040 0.030 -0.004 -0.040 0.030 38.579
-0.004 -0.040 0.030 -0.004 -0.040 0.030 38.589
-0.004 -0.040 0.030 -0.004 -0.040 0.030 38.599
-0.004 -0.040 0.030 -0.004 -0.040 0.030 38.609
-0.004 -0.040 0.030 -0.004 -0.040 0.030 38.619
-0.004 -0.040 0.030 -0.004 -0.040 0.030 38.629
-0.004 -0.040 0.030 -0.004 -0.040 0.030 38.639
-0.004 -0.040 0.030 -0.004 -0.040 0.030 38.649
-0.004 -0.040 0.030 -0.004 -0.040 0.030 38.659
-0.004 -0.040 0.030 -0.004 -0.040 0.030 38.669
-0.004 -0.040 0.030 -0.004 -0.040 0.030 38.679
-0.004 -0.040 0.030 -0.004 -0.040 0.030 38.689
-0.004 -0.040 0.030 -0.004 -0.040 0.030 38.699
-0.004 -0.040 0.030 -0.004 -0.040 0.030 38.709
-0.004 -0.040 0.030 -0.004 -0.040 0.030 38.719
-0.004 -0.040 0.030 -0.004 -0.040 0.030 38.729
-0.004 -0.040 0.030 -0.004 -0.040 0.030 38.739
-0.004 -0.040 0.030 -0.004 -0.040 0.030 38.749
-0.004 -0.040 0.030 -0.004 -0.040 0.030 38.759
-0.004 -0.040 0.030 -0.004 -0.040 0.030 38.769
-0.004 -0.040 0.030 -0.004 -0.040 0.030 38.779
-0.004 -0.040 0.030 -0.004 -0.040 0.030 38.789
-0.004 -0.040 0.030 -0.004 -0.040 0.030 38.799
-0.004 -0.040 0.030 -0.004 -0.040 0.030 38.809
-0.004 -0.040 0.030 -0.004 -0.040 0.030 38.819
-0.004 -0.040 0.030 -0.004 -0.040 0.030 38.829
-0.004 -0.040 0.030 -0.004 -0.040 0.030 38.839
-0.004 -0.040 0.030 -0.004 -0.040 0.030 38.849
-0.004 -0.040 0.030 -0.004 -0.040 0.030 38.859
-0.004 -0.040 0.030 -0.004 -0.040 0.030 38.869
-0.004 -0.040 0.030 -0.004 -0.040 0.030 38.879
-0.004 -0.040 0.030 -0.004 -0.040 0.030 38.889
-0.004 -0.040 0.030 -0.004 -0.040 0.030 38.899
-0.004 -0.040 0.030 -0.004 -0.040 0.030 38.909
-0.004 -0.040 0.030 -0.004 -0.040 0.030 38.919
-0.004 -0.040 0.030 -0.004 -0.040 0.030 38.929
-0.004 -0.040 0.030 -0.004 -0.040 0.030 38.939
-0.004 -0.040 0.030 -0.004 -0.040 0.030 38.949
-0.004 -0.040 0.030 -0.004 -0.040 0.030 38.959
-0.004 -0.040 0.030 -0.004 -0.040 0.030 38.969
-0.004 -0.040 0.030 -0.004 -0.040 0.030 38.979
-0.004 -0.040 0.030 -0.004 -0.040 0.030 38.989
-0.004 -0.040 0.030 -0.004 -0.040 0.030 38.999
-0.004 -0.040 0.030 -0.004 -0.040 0.030 39.009
-0.004 -0.040 0.030 -0.004 -0.040 0.030 39.019
-0.004 -0.040 0.030 -0.004 -0.040 0.030 39.029
-0.004 -0.040 0.030 -0.004 -0.040 0.030 39.039
-0.004 -0.040 0.030 -0.004 -0.040 0.030 39.049
-0.004 -0.040 0.030 -0.004 -0.040 0.030 39.059
-0.004 -0.040 0.030 -0.004 -0.040 0.030 39.069
-0.004 -0.040 0.030 -0.004 -0.040 0.030 39.079
-0.004 -0.040 0.030 -0.004 -0.040 0.030 39.089
-0.004 -0.040 0.030 -0.004 -0.040 0.030 39.099
-0.004 -0.040 0.030 -0.004 -0.040 0.030 39.109
-0.004 -0.040 0.030 -0.004 -0.040 0.030 39.119
-0.004 -0.040 0.030 -0.004 -0.040 0.030 39.129
-0.004 -0.040 0.030 -0.004 -0.040 0.030 39.139
-0.004 -0.040 0.030 -0.004 -0.040 0.030 39.149
-0.004 -0.040 0.030 -0.004 -0.040 0.030 39.159
-0.004 -0.040 0.030 -0.004 -0.040 0.030 39.169
-0.004 -0.040 0.030 -0.004 -0.040 0.030 39.179
-0.004 -0.040 0.030 -0.004 -0.040 0.030 39.188
-0.004 -0.040 0.030 -0.004 -0.040 0.030 39.199
-0.004 -0.040 0.030 -0.004 -0.040 0.030 39.209
-0.004 -0.040 0.030 -0.004 -0.040 0.030 39.219
-0.004 -0.040 0.030 -0.004 -0.040 0.030 39.229
-0.004 -0.040 0.030 -0.004 -0.040 0.030 39.239
-0.004 -0.040 0.030 -0.004 -0.040 0.030 39.249
-0.004 -0.040 0.030 -0.004 -0.040 0.030 39.259
-0.004 -0.040 0.030 -0.004 -0.040 0.030 39.269
-0.004 -0.040 0.030 -0.004 -0.040 0.030 39.279
-0.004 -0.040 0.030 -0.004 -0.040 0.030 39.288
-0.004 -0.040 0.030 -0.004 -0.040 0.030 39.299
-0.004 -0.040 0.030 -0.004 -0.040 0.030 39.308
-0.004 -0.040 0.030 -0.004 -0.040 0.030 39.319
-0.004 -0.040 0.030 -0.004 -0.040 0.030 39.329
-0.004 -0.040 0.030 -0.004 -0.040 0.030 39.339
-0.004 -0.040 0.030 -0.004 -0.040 0.030 39.349
-0.004 -0.040 0.030 -0.004 -0.040 0.030 39.359
-0.004 -0.040 0.030 -0.004 -0.040 0.030 39.369
-0.004 -0.040 0.030 -0.004 -0.040 0.030 39.379
-0.004 -0.040 0.030 -0.004 -0.040 0.030 39.388
-0.004 -0.040 0.030 -0.004 -0.040 0.030 39.399
-0.004 -0.040 0.030 -0.004 -0.040 0.030 39.409
-0.004 -0.040 0.030 -0.004 -0.040 0.030 39.419
-0.004 -0.040 0.030 -0.004 -0.040 0.030 39.429
-0.004 -0.040 0.030 -0.004 -0.040 0.030 39.439
-0.004 -0.040 0.030 -0.004 -0.040 0.030 39.449
-0.004 -0.040 0.030 -0.004 -0.040 0.030 39.459
-0.004 -0.040 0.030 -0.004 -0.040 0.030 39.469
-0.004 -0.040 0.030 -0.004 -0.040 0.030 39.479
-0.004 -0.040 0.030 -0.004 -0.040 0.030 39.488
-0.004 -0.040 0.030 -0.004 -0.040 0.030 39.499
-0.004 -0.040 0.030 -0.004 -0.040 0.030 39.509
-0.004 -0.040 0.030 -0.004 -0.040 0.030 39.519
-0.004 -0.040 0.030 -0.004 -0.040 0.030 39.529
-0.004 -0.040 0.030 -0.004 -0.040 0.030 39.539
-0.004 -0.040 0.030 -0.004 -0.040 0.030 39.549
-0.004 -0.040 0.030 -0.004 -0.040 0.030 39.559
-0.004 -0.040 0.030 -0.004 -0.040 0.030 39.569
-0.004 -0.040 0.030 -0.004 -0.040 0.030 39.579
-0.004 -0.040 0.030 -0.004 -0.040 0.030 39.589
-0.004 -0.040 0.030 -0.004 -0.040 0.030 39.599
-0.004 -0.040 0.030 -0.004 -0.040 0.030 39.609
-0.004 -0.040 0.030 -0.004 -0.040 0.030 39.619
-0.004 -0.040 0.030 -0.004 -0.040 0.030 39.629
-0.004 -0.040 0.030 -0.004 -0.040 0.030 39.639
-0.004 -0.040 0.030 -0.004 -0.040 0.030 39.650
-0.004 -0.040 0.030 -0.004 -0.040 0.030 39.659
-0.004 -0.040 0.030 -0.004 -0.040 0.030 39.670
-0.004 -0.040 0.030 -0.004 -0.040 0.030 39.679
-0.004 -0.040 0.030 -0.004 -0.040 0.030 39.689
-0.004 -0.040 0.030 -0.004 -0.040 0.030 39.699
-0.004 -0.040 0.030 -0.004 -0.040 0.030 39.709
-0.004 -0.040 0.030 -0.004 -0.040 0.030 39.719
-0.004 -0.040 0.030 -0.004 -0.040 0.030 39.730
-0.004 -0.040 0.030 -0.004 -0.040 0.030 39.740
-0.004 -0.040 0.030 -0.004 -0.040 0.030 39.750
-0.004 -0.040 0.030 -0.004 -0.040 0.030 39.760
-0.004 -0.040 0.030 -0.004 -0.040 0.030 39.770
-0.004 -0.040 0.030 -0.004 -0.040 0.030 39.779
-0.004 -0.040 0.030 -0.004 -0.040 0.030 39.790
-0.004 -0.040 0.030 -0.004 -0.040 0.030 39.800
-0.004 -0.040 0.030 -0.004 -0.040 0.030 39.810
-0.004 -0.040 0.030 -0.004 -0.040 0.030 39.820
-0.004 -0.040 0.030 -0.004 -0.040 0.030 39.830
-0.004 -0.040 0.030 -0.004 -0.040 0.030 39.840
-0.004 -0.040 0.030 -0.004 -0.040 0.030 39.850
-0.004 -0.040 0.030 -0.004 -0.040 0.030 39.860
-0.004 -0.040 0.030 -0.004 -0.040 0.030 39.870
-0.004 -0.040 0.030 -0.004 -0.040 0.030 39.879
-0.004 -0.040 0.030 -0.004 -0.040 0.030 39.890
-0.004 -0.040 0.030 -0.004 -0.040 0.030 39.900
-0.004 -0.040 0.030 -0.004 -0.040 0.030 39.910
-0.004 -0.040 0.030 -0.004 -0.040 0.030 39.920
-0.004 -0.040 0.030 -0.004 -0.040 0.030 39.930
-0.004 -0.040 0.030 -0.004 -0.040 0.030 39.940
-0.004 -0.040 0.030 -0.004 -0.040 0.030 39.950
-0.004 -0.040 0.030 -0.004 -0.040 0.030 39.960
-0.004 -0.040 0.030 -0.004 -0.040 0.030 39.970
-0.004 -0.040 0.030 -0.004 -0.040 0.030 39.978
-0.004 -0.040 0.030 -0.004 -0.040 0.030 39.990
-0.004 -0.040 0.029 -0.004 -0.040 0.030 40.000
-0.004 -0.040 0.030 -0.004 -0.040 0.030 40.010
-0.004 -0.040 0.030 -0.004 -0.040 0.030 40.019
-0.004 -0.040 0.030 -0.004 -0.040 0.030 40.029
-0.004 -0.040 0.030 -0.004 -0.040 0.030 40.041
-0.004 -0.040 0.030 -0.004 -0.040 0.030 40.052
-0.004 -0.040 0.030 -0.004 -0.040 0.030 40.062
-0.003 -0.042 0.029 -0.004 -0.040 0.030 40.072
-0.002 -0.044 0.026 -0.004 -0.040 0.030 40.082
0.001 -0.048 0.022 -0.004 -0.040 0.030 40.092
0.002 -0.053 0.015 -0.004 -0.040 0.030 40.102
0.000 -0.058 0.012 -0.004 -0.040 0.030 40.112
0.001 -0.065 0.018 -0.004 -0.040 0.030 40.122
0.007 -0.077 0.021 -0.004 -0.040 0.030 40.132
0.014 -0.091 0.019 -0.004 -0.040 0.030 40.143
0.017 -0.107 0.015 -0.004 -0.040 0.030 40.153
0.020 -0.125 0.014 -0.004 -0.040 0.030 40.163
0.022 -0.143 0.014 -0.004 -0.040 0.030 40.173
0.022 -0.155 0.014 -0.004 -0.040 0.030 40.183
0.022 -0.162 0.012 -0.004 -0.040 0.030 40.193
0.021 -0.165 0.011 -0.004 -0.040 0.030 40.203
0.019 -0.161 0.011 -0.004 -0.040 0.030 40.213
0.018 -0.152 0.011 -0.004 -0.040 0.030 40.223
0.017 -0.136 0.011 -0.004 -0.040 0.030 40.233
0.014 -0.113 0.011 -0.004 -0.040 0.030 40.243
0.009 -0.090 0.012 -0.004 -0.040 0.030 40.253
0.002 -0.066 0.013 -0.004 -0.040 0.030 40.263
-0.006 -0.043 0.015 -0.004 -0.040 0.030 40.273
-0.016 -0.022 0.017 -0.004 -0.040 0.030 40.283
-0.024 -0.004 0.018 -0.004 -0.040 0.030 40.293
-0.031 0.009 0.019 -0.004 -0.040 0.030 40.303
-0.034 0.016 0.019 -0.004 -0.040 0.030 40.313
-0.035 0.023 0.019 -0.004 -0.040 0.030 40.323
-0.036 0.029 0.020 -0.004 -0.040 0.030 40.333
-0.038 0.030 0.020 -0.004 -0.040 0.030 40.343
-0.039 0.025 0.020 -0.004 -0.040 0.030 40.353
-0.040 0.017 0.019 -0.004 -0.040 0.030 40.363
-0.041 0.009 0.019 -0.004 -0.040 0.030 40.373
-0.040 -0.001 0.020 -0.004 -0.040 0.030 40.383
-0.039 -0.014 0.020 -0.004 -0.040 0.030 40.393
-0.036 -0.029 0.019 -0.004 -0.040 0.030 40.403
-0.033 -0.044 0.019 -0.004 -0.040 0.030 40.414
-0.030 -0.055 0.018 -0.004 -0.040 0.030 40.423
-0.030 -0.063 0.018 -0.004 -0.040 0.030 40.434
-0.029 -0.067 0.018 -0.004 -0.040 0.030 40.444
-0.028 -0.064 0.018 -0.004 -0.040 0.030 40.454
-0.028 -0.059 0.019 -0.004 -0.040 0.030 40.464
-0.028 -0.053 0.019 -0.004 -0.040 0.030 40.474
-0.028 -0.048 0.019 -0.004 -0.040 0.030 40.484
-0.028 -0.043 0.019 -0.004 -0.040 0.030 40.494
-0.027 -0.039 0.019 -0.004 -0.040 0.030 40.504
-0.025 -0.036 0.019 -0.004 -0.040 0.030 40.514
-0.024 -0.033 0.019 -0.004 -0.040 0.030 40.524
-0.024 -0.030 0.019 -0.004 -0.040 0.030 40.534
-0.024 -0.027 0.019 -0.004 -0.040 0.030 40.544
-0.024 -0.024 0.019 -0.004 -0.040 0.030 40.554
-0.024 -0.022 0.019 -0.004 -0.040 0.030 40.564
-0.023 -0.021 0.019 -0.004 -0.040 0.030 40.574
-0.021 -0.022 0.019 -0.004 -0.040 0.030 40.584
-0.019 -0.026 0.019 -0.004 -0.040 0.030 40.594
-0.014 -0.034 0.019 -0.004 -0.040 0.030 40.604
-0.006 -0.045 0.018 -0.004 -0.040 0.030 40.614
0.008 -0.061 0.018 -0.004 -0.040 0.030 40.624
0.028 -0.082 0.017 -0.004 -0.040 0.030 40.634
0.046 -0.104 0.013 -0.004 -0.040 0.030 40.644
0.054 -0.125 0.008 -0.004 -0.040 0.030 40.654
0.051 -0.148 0.001 -0.004 -0.040 0.030 40.664
0.044 -0.173 -0.008 -0.004 -0.040 0.030 40.674
0.034 -0.194 -0.014 -0.004 -0.040 0.030 40.684
0.023 -0.212 -0.018 -0.004 -0.040 0.030 40.694
0.011 -0.226 -0.019 -0.004 -0.040 0.030 40.704
-0.004 -0.232 -0.017 -0.004 -0.040 0.030 40.714
-0.019 -0.225 -0.012 -0.004 -0.040 0.030 40.724
-0.030 -0.203 -0.006 -0.004 -0.040 0.030 40.734
-0.032 -0.171 -0.002 -0.004 -0.040 0.030 40.744
-0.029 -0.126 0.004 -0.004 -0.040 0.030 40.754
-0.029 -0.073 0.013 -0.004 -0.040 0.030 40.764
-0.031 -0.023 0.020 -0.004 -0.040 0.030 40.774
-0.035 0.028 0.026 -0.004 -0.040 0.030 40.784
-0.033 0.071 0.032 -0.004 -0.040 0.030 40.794
-0.033 0.109 0.030 -0.004 -0.040 0.030 40.804
-0.040 0.125 0.028 -0.004 -0.040 0.030 40.814
-0.041 0.137 0.026 -0.004 -0.040 0.030 40.824
-0.042 0.143 0.024 -0.004 -0.040 0.030 40.834
-0.042 0.133 0.019 -0.004 -0.040 0.030 40.844
-0.042 0.106 0.013 -0.004 -0.040 0.030 40.854
-0.043 0.062 0.004 -0.004 -0.040 0.030 40.864
-0.045 0.007 -0.005 -0.004 -0.040 0.030 40.874
-0.048 -0.052 -0.014 -0.004 -0.040 0.030 40.884
-0.049 -0.111 -0.022 -0.004 -0.040 0.030 40.894
-0.049 -0.162 -0.030 -0.004 -0.040 0.030 40.904
-0.049 -0.196 -0.036 -0.004 -0.040 0.030 40.914
-0.048 -0.211 -0.041 -0.004 -0.040 0.030 40.924
-0.048 -0.205 -0.044 -0.004 -0.040 0.030 40.934
-0.049 -0.185 -0.044 -0.004 -0.040 0.030 40.944
-0.050 -0.144 -0.042 -0.004 -0.040 0.030 40.954
-0.051 -0.097 -0.037 -0.004 -0.040 0.030 40.964
-0.051 -0.045 -0.033 -0.004 -0.040 0.030 40.974
-0.049 0.010 -0.026 -0.004 -0.040 0.030 40.984
-0.046 0.058 -0.019 -0.004 -0.040 0.030 40.993
-0.039 0.093 -0.016 -0.004 -0.040 0.030 41.003
-0.028 0.115 -0.013 -0.004 -0.040 0.030 41.013
-0.013 0.120 -0.011 -0.004 -0.040 0.030 41.023
-0.002 0.110 -0.009 -0.004 -0.040 0.030 41.033
0.001 0.081 -0.003 -0.004 -0.040 0.030 41.043
0.001 0.039 0.003 -0.004 -0.040 0.030 41.053
-0.002 -0.002 0.014 -0.004 -0.040 0.030 41.063
-0.009 -0.040 0.027 -0.004 -0.040 0.030 41.073
-0.015 -0.075 0.038 -0.004 -0.040 0.030 41.083
-0.020 -0.106 0.049 -0.004 -0.040 0.030 41.093
-0.018 -0.128 0.058 -0.004 -0.040 0.030 41.103
-0.017 -0.150 0.067 -0.004 -0.040 0.030 41.113
-0.013 -0.166 0.075 -0.004 -0.040 0.030 41.123
0.000 -0.159 0.078 -0.004 -0.040 0.030 41.133
0.014 -0.153 0.082 -0.004 -0.040 0.030 41.143
0.022 -0.127 0.081 -0.004 -0.040 0.030 41.153
0.023 -0.094 0.079 -0.004 -0.040 0.030 41.163
0.023 -0.063 0.076 -0.004 -0.040 0.030 41.173
0.023 -0.033 0.071 -0.004 -0.040 0.030 41.183
0.024 -0.007 0.067 -0.004 -0.040 0.030 41.193
0.024 0.013 0.063 -0.004 -0.040 0.030 41.203
0.024 0.033 0.059 -0.004 -0.040 0.030 41.213
0.023 0.043 0.055 -0.004 -0.040 0.030 41.223
0.021 0.041 0.053 -0.004 -0.040 0.030 41.233
0.019 0.037 0.052 -0.004 -0.040 0.030 41.243
0.018 0.029 0.052 -0.004 -0.040 0.030 41.253
0.017 0.015 0.053 -0.004 -0.040 0.030 41.263
0.016 -0.008 0.054 -0.004 -0.040 0.030 41.273
0.016 -0.039 0.054 -0.004 -0.040 0.030 41.283
0.016 -0.074 0.055 -0.004 -0.040 0.030 41.293
0.016 -0.111 0.055 -0.004 -0.040 0.030 41.303
0.016 -0.147 0.054 -0.004 -0.040 0.030 41.313
0.017 -0.174 0.054 -0.004 -0.040 0.030 41.323
0.017 -0.194 0.054 -0.004 -0.040 0.030 41.333
0.017 -0.206 0.051 -0.004 -0.040 0.030 41.343
0.016 -0.211 0.049 -0.004 -0.040 0.030 41.353
0.015 -0.204 0.045 -0.004 -0.040 0.030 41.363
0.015 -0.182 0.042 -0.004 -0.040 0.030 41.373
0.014 -0.150 0.041 -0.004 -0.040 0.030 41.383
0.014 -0.112 0.038 -0.004 -0.040 0.030 41.393
0.014 -0.068 0.037 -0.004 -0.040 0.030 41.403
0.014 -0.019 0.037 -0.004 -0.040 0.030 41.413
0.014 0.023 0.037 -0.004 -0.040 0.030 41.423
0.014 0.061 0.036 -0.004 -0.040 0.030 41.433
0.015 0.089 0.035 -0.004 -0.040 0.030 41.443
0.014 0.101 0.032 -0.004 -0.040 0.030 41.453
0.010 0.096 0.027 -0.004 -0.040 0.030 41.463
0.007 0.082 0.021 -0.004 -0.040 0.030 41.473
-0.002 0.019 0.010 -0.004 -0.040 0.030 41.483
-0.005 -0.030 0.005 -0.004 -0.040 0.030 41.493
-0.005 -0.030 0.005 -0.004 -0.040 0.030 41.503
-0.007 -0.092 0.001 -0.004 -0.040 0.030 41.513
-0.008 -0.166 -0.002 -0.004 -0.040 0.030 41.523
-0.009 -0.238 -0.004 -0.004 -0.040 0.030 41.532
-0.010 -0.289 -0.001 -0.004 -0.040 0.030 41.542
-0.014 -0.328 0.006 -0.004 -0.040 0.030 41.552
-0.018 -0.352 0.013 -0.004 -0.040 0.030 41.562
-0.022 -0.359 0.024 -0.004 -0.040 0.030 41.572
-0.025 -0.337 0.035 -0.004 -0.040 0.030 41.582
-0.028 -0.291 0.050 -0.004 -0.040 0.030 41.592
-0.030 -0.229 0.064 -0.004 -0.040 0.030 41.602
-0.028 -0.160 0.077 -0.004 -0.040 0.030 41.612
-0.022 -0.082 0.086 -0.004 -0.040 0.030 41.622
-0.012 0.002 0.093 -0.004 -0.040 0.030 41.632
-0.002 0.086 0.097 -0.004 -0.040 0.030 41.642
0.007 0.168 0.098 -0.004 -0.040 0.030 41.652
0.017 0.243 0.098 -0.004 -0.040 0.030 41.662
0.024 0.300 0.096 -0.004 -0.040 0.030 41.672
0.028 0.328 0.091 -0.004 -0.040 0.030 41.682
0.029 0.332 0.082 -0.004 -0.040 0.030 41.692
0.030 0.319 0.075 -0.004 -0.040 0.030 41.702
0.026 0.273 0.067 -0.004 -0.040 0.030 41.712
0.020 0.197 0.056 -0.004 -0.040 0.030 41.722
0.015 0.107 0.051 -0.004 -0.040 0.030 41.732
0.011 0.014 0.047 -0.004 -0.040 0.030 41.742
0.006 -0.074 0.045 -0.004 -0.040 0.030 41.752
-0.000 -0.160 0.047 -0.004 -0.040 0.030 41.762
-0.006 -0.247 0.050 -0.004 -0.040 0.030 41.772
-0.012 -0.333 0.053 -0.004 -0.040 0.030 41.782
-0.017 -0.404 0.055 -0.004 -0.040 0.030 41.792
-0.019 -0.437 0.057 -0.004 -0.040 0.030 41.802
-0.019 -0.438 0.060 -0.004 -0.040 0.030 41.812
-0.017 -0.416 0.057 -0.004 -0.040 0.030 41.822
-0.012 -0.365 0.055 -0.004 -0.040 0.030 41.832
-0.009 -0.301 0.056 -0.004 -0.040 0.030 41.842
-0.005 -0.230 0.053 -0.004 -0.040 0.030 41.852
-0.002 -0.150 0.053 -0.004 -0.040 0.030 41.862
0.001 -0.067 0.053 -0.004 -0.040 0.030 41.872
0.002 0.015 0.052 -0.004 -0.040 0.030 41.882
0.005 0.100 0.052 -0.004 -0.040 0.030 41.892
0.007 0.178 0.052 -0.004 -0.040 0.030 41.902
0.007 0.241 0.050 -0.004 -0.040 0.030 41.912
0.007 0.290 0.047 -0.004 -0.040 0.030 41.922
0.006 0.317 0.040 -0.004 -0.040 0.030 41.932
0.006 0.305 0.038 -0.004 -0.040 0.030 41.942
0.006 0.264 0.037 -0.004 -0.040 0.030 41.952
0.004 0.190 0.033 -0.004 -0.040 0.030 41.962
0.005 0.103 0.030 -0.004 -0.040 0.030 41.972
0.005 0.012 0.030 -0.004 -0.040 0.030 41.982
0.004 -0.083 0.027 -0.004 -0.040 0.030 41.992
0.003 -0.172 0.023 -0.004 -0.040 0.030 42.002
0.001 -0.256 0.021 -0.004 -0.040 0.030 42.012
0.001 -0.336 0.018 -0.004 -0.040 0.030 42.022
-0.001 -0.404 0.022 -0.004 -0.040 0.030 42.032
-0.002 -0.441 0.025 -0.004 -0.040 0.030 42.042
-0.004 -0.443 0.027 -0.004 -0.040 0.030 42.052
-0.006 -0.416 0.029 -0.004 -0.040 0.030 42.062
-0.004 -0.364 0.032 -0.004 -0.040 0.030 42.072
0.000 -0.299 0.032 -0.004 -0.040 0.030 42.082
-0.000 -0.236 0.030 -0.004 -0.040 0.030 42.092
0.001 -0.161 0.030 -0.004 -0.040 0.030 42.102
0.003 -0.079 0.032 -0.004 -0.040 0.030 42.112
0.004 0.002 0.033 -0.004 -0.040 0.030 42.122
0.005 0.082 0.034 -0.004 -0.040 0.030 42.132
0.007 0.160 0.035 -0.004 -0.040 0.030 42.142
0.008 0.227 0.035 -0.004 -0.040 0.030 42.152
0.008 0.273 0.036 -0.004 -0.040 0.030 42.162
0.009 0.292 0.038 -0.004 -0.040 0.030 42.172
0.009 0.290 0.036 -0.004 -0.040 0.030 42.182
0.009 0.275 0.036 -0.004 -0.040 0.030 42.192
0.007 0.236 0.037 -0.004 -0.040 0.030 42.202
0.003 0.160 0.036 -0.004 -0.040 0.030 42.212
0.003 0.068 0.033 -0.004 -0.040 0.030 42.222
0.002 -0.027 0.032 -0.004 -0.040 0.030 42.232
-0.000 -0.124 0.031 -0.004 -0.040 0.030 42.242
-0.004 -0.217 0.031 -0.004 -0.040 0.030 42.252
-0.005 -0.303 0.031 -0.004 -0.040 0.030 42.262
-0.006 -0.380 0.032 -0.004 -0.040 0.030 42.272
-0.006 -0.442 0.031 -0.004 -0.040 0.030 42.282
-0.006 -0.470 0.028 -0.004 -0.040 0.030 42.292
-0.006 -0.464 0.030 -0.004 -0.040 0.030 42.302
-0.005 -0.424 0.031 -0.004 -0.040 0.030 42.312
-0.005 -0.364 0.032 -0.004 -0.040 0.030 42.322
-0.003 -0.298 0.032 -0.004 -0.040 0.030 42.332
-0.001 -0.230 0.032 -0.004 -0.040 0.030 42.342
0.000 -0.153 0.031 -0.004 -0.040 0.030 42.352
0.002 -0.072 0.033 -0.004 -0.040 0.030 42.362
0.004 0.011 0.034 -0.004 -0.040 0.030 42.372
0.005 0.092 0.034 -0.004 -0.040 0.030 42.382
0.007 0.169 0.036 -0.004 -0.040 0.030 42.391
0.007 0.169 0.036 -0.004 -0.040 0.030 42.401
0.009 0.235 0.037 -0.004 -0.040 0.030 42.411
0.009 0.280 0.038 -0.004 -0.040 0.030 42.421
0.010 0.298 0.039 -0.004 -0.040 0.030 42.431
0.010 0.296 0.037 -0.004 -0.040 0.030 42.441
0.011 0.280 0.038 -0.004 -0.040 0.030 42.451
0.009 0.233 0.039 -0.004 -0.040 0.030 42.461
0.006 0.152 0.035 -0.004 -0.040 0.030 42.471
0.006 0.057 0.034 -0.004 -0.040 0.030 42.481
0.005 -0.039 0.034 -0.004 -0.040 0.030 42.491
0.004 -0.134 0.031 -0.004 -0.040 0.030 42.501
0.000 -0.223 0.031 -0.004 -0.040 0.030 42.511
-0.002 -0.307 0.032 -0.004 -0.040 0.030 42.521
-0.004 -0.449 0.032 -0.004 -0.040 0.030 42.531
-0.004 -0.449 0.032 -0.004 -0.040 0.030 42.541
-0.004 -0.488 0.029 -0.004 -0.040 0.030 42.551
-0.004 -0.486 0.029 -0.004 -0.040 0.030 42.561
-0.003 -0.388 0.033 -0.004 -0.040 0.030 42.571
-0.001 -0.322 0.032 -0.004 -0.040 0.030 42.581
0.000 -0.250 0.031 -0.004 -0.040 0.030 42.590
0.000 -0.250 0.031 -0.004 -0.040 0.030 42.599
0.001 -0.176 0.031 -0.004 -0.040 0.030 42.609
0.004 -0.096 0.033 -0.004 -0.040 0.030 42.620
0.005 -0.012 0.034 -0.004 -0.040 0.030 42.630
0.006 0.068 0.035 -0.004 -0.040 0.030 42.640
0.007 0.147 0.034 -0.004 -0.040 0.030 42.650
0.009 0.216 0.035 -0.004 -0.040 0.030 42.660
0.010 0.264 0.037 -0.004 -0.040 0.030 42.670
0.010 0.284 0.039 -0.004 -0.040 0.030 42.680
0.011 0.282 0.038 -0.004 -0.040 0.030 42.689
0.011 0.268 0.037 -0.004 -0.040 0.030 42.701
0.006 0.153 0.036 -0.004 -0.040 0.030 42.711
0.006 0.059 0.034 -0.004 -0.040 0.030 42.721
0.006 -0.036 0.034 -0.004 -0.040 0.030 42.731
0.004 -0.131 0.032 -0.004 -0.040 0.030 42.741
0.001 -0.221 0.031 -0.004 -0.040 0.030 42.751
-0.001 -0.307 0.031 -0.004 -0.040 0.030 42.761
-0.003 -0.383 0.032 -0.004 -0.040 0.030 42.771
-0.004 -0.441 0.031 -0.004 -0.040 0.030 42.781
-0.003 -0.463 0.029 -0.004 -0.040 0.030 42.790
-0.003 -0.463 0.029 -0.004 -0.040 0.030 42.799
-0.004 -0.456 0.030 -0.004 -0.040 0.030 42.810
-0.003 -0.416 0.030 -0.004 -0.040 0.030 42.820
-0.001 -0.356 0.032 -0.004 -0.040 0.030 42.830
-0.000 -0.289 0.033 -0.004 -0.040 0.030 42.840
0.001 -0.220 0.032 -0.004 -0.040 0.030 42.850
0.003 -0.143 0.032 -0.004 -0.040 0.030 42.860
0.005 -0.062 0.033 -0.004 -0.040 0.030 42.870
0.006 0.019 0.034 -0.004 -0.040 0.030 42.880
0.007 0.100 0.034 -0.004 -0.040 0.030 42.889
0.010 0.238 0.036 -0.004 -0.040 0.030 42.900
0.010 0.238 0.036 -0.004 -0.040 0.030 42.910
0.011 0.277 0.037 -0.004 -0.040 0.030 42.919
0.011 0.287 0.038 -0.004 -0.040 0.030 42.929
0.012 0.282 0.037 -0.004 -0.040 0.030 42.939
0.011 0.262 0.037 -0.004 -0.040 0.030 42.950
0.009 0.210 0.038 -0.004 -0.040 0.030 42.959
0.007 0.128 0.034 -0.004 -0.040 0.030 42.969
0.007 0.031 0.034 -0.004 -0.040 0.030 42.979
0.007 -0.064 0.033 -0.004 -0.040 0.030 42.989
0.001 -0.247 0.031 -0.004 -0.040 0.030 43.000
0.001 -0.247 0.031 -0.004 -0.040 0.030 43.009
-0.000 -0.330 0.031 -0.004 -0.040 0.030 43.019
-0.001 -0.400 0.032 -0.004 -0.040 0.030 43.029
-0.002 -0.445 0.031 -0.004 -0.040 0.030 43.038
-0.002 -0.435 0.030 -0.004 -0.040 0.030 43.049
-0.000 -0.388 0.031 -0.004 -0.040 0.030 43.060
-0.000 -0.388 0.031 -0.004 -0.040 0.030 43.068
0.002 -0.257 0.032 -0.004 -0.040 0.030 43.079
0.002 -0.257 0.032 -0.004 -0.040 0.030 43.088
0.005 -0.105 0.032 -0.004 -0.040 0.030 43.099
0.008 -0.023 0.034 -0.004 -0.040 0.030 43.109
0.010 0.056 0.035 -0.004 -0.040 0.030 43.119
0.011 0.137 0.034 -0.004 -0.040 0.030 43.129
0.013 0.208 0.035 -0.004 -0.040 0.030 43.139
0.014 0.260 0.036 -0.004 -0.040 0.030 43.149
0.014 0.260 0.036 -0.004 -0.040 0.030 43.158
0.015 0.285 0.038 -0.004 -0.040 0.030 43.169
0.016 0.274 0.038 -0.004 -0.040 0.030 43.179
0.015 0.243 0.038 -0.004 -0.040 0.030 43.189
0.012 0.174 0.037 -0.004 -0.040 0.030 43.199
0.010 0.082 0.033 -0.004 -0.040 0.030 43.209
0.010 -0.016 0.034 -0.004 -0.040 0.030 43.219
0.009 -0.112 0.033 -0.004 -0.040 0.030 43.229
0.006 -0.202 0.031 -0.004 -0.040 0.030 43.238
0.003 -0.288 0.031 -0.004 -0.040 0.030 43.248
0.002 -0.366 0.032 -0.004 -0.040 0.030 43.258
0.001 -0.429 0.032 -0.004 -0.040 0.030 43.269
0.001 -0.458 0.030 -0.004 -0.040 0.030 43.279
0.001 -0.455 0.030 -0.004 -0.040 0.030 43.289
0.001 -0.418 0.029 -0.004 -0.040 0.030 43.298
0.002 -0.359 0.032 -0.004 -0.040 0.030 43.309
0.003 -0.293 0.033 -0.004 -0.040 0.030 43.319
0.005 -0.224 0.031 -0.004 -0.040 0.030 43.328
0.006 -0.147 0.031 -0.004 -0.040 0.030 43.339
0.009 -0.065 0.033 -0.004 -0.040 0.030 43.348
0.010 0.016 0.035 -0.004 -0.040 0.030 43.358
0.011 0.097 0.035 -0.004 -0.040 0.030 43.368
0.012 0.175 0.035 -0.004 -0.040 0.030 43.378
0.013 0.240 0.036 -0.004 -0.040 0.030 43.388
0.014 0.281 0.037 -0.004 -0.040 0.030 43.398
0.015 0.294 0.039 -0.004 -0.040 0.030 43.408
0.015 0.289 0.038 -0.004 -0.040 0.030 43.418
0.015 0.272 0.038 -0.004 -0.040 0.030 43.428
0.013 0.226 0.038 -0.004 -0.040 0.030 43.438
0.010 0.146 0.035 -0.004 -0.040 0.030 43.448
0.010 0.049 0.034 -0.004 -0.040 0.030 43.458
0.010 -0.047 0.034 -0.004 -0.040 0.030 43.468
0.007 -0.141 0.031 -0.004 -0.040 0.030 43.478
0.004 -0.232 0.031 -0.004 -0.040 0.030 43.488
0.002 -0.318 0.032 -0.004 -0.040 0.030 43.498
0.001 -0.392 0.032 -0.004 -0.040 0.030 43.508
0.000 -0.445 0.031 -0.004 -0.040 0.030 43.518
0.001 -0.459 0.029 -0.004 -0.040 0.030 43.528
-0.000 -0.445 0.030 -0.004 -0.040 0.030 43.538
0.001 -0.400 0.031 -0.004 -0.040 0.030 43.548
0.002 -0.337 0.033 -0.004 -0.040 0.030 43.558
0.004 -0.271 0.032 -0.004 -0.040 0.030 43.568
0.005 -0.200 0.031 -0.004 -0.040 0.030 43.578
0.007 -0.120 0.032 -0.004 -0.040 0.030 43.588
0.009 -0.038 0.033 -0.004 -0.040 0.030 43.598
0.010 0.042 0.035 -0.004 -0.040 0.030 43.608
0.011 0.123 0.034 -0.004 -0.040 0.030 43.618
0.012 0.198 0.035 -0.004 -0.040 0.030 43.628
0.013 0.256 0.036 -0.004 -0.040 0.030 43.638
0.014 0.297 0.037 -0.004 -0.040 0.030 43.648
0.015 0.315 0.039 -0.004 -0.040 0.030 43.658
0.015 0.312 0.038 -0.004 -0.040 0.030 43.668
0.015 0.291 0.038 -0.004 -0.040 0.030 43.678
0.013 0.233 0.039 -0.004 -0.040 0.030 43.688
0.011 0.145 0.034 -0.004 -0.040 0.030 43.698
0.011 0.047 0.034 -0.004 -0.040 0.030 43.708
0.009 -0.049 0.033 -0.004 -0.040 0.030 43.718
0.006 -0.142 0.031 -0.004 -0.040 0.030 43.728
0.003 -0.231 0.031 -0.004 -0.040 0.030 43.738
0.002 -0.317 0.032 -0.004 -0.040 0.030 43.748
0.001 -0.395 0.032 -0.004 -0.040 0.030 43.758
-0.000 -0.449 0.030 -0.004 -0.040 0.030 43.768
-0.000 -0.464 0.028 -0.004 -0.040 0.030 43.778
-0.001 -0.451 0.031 -0.004 -0.040 0.030 43.788
0.000 -0.408 0.031 -0.004 -0.040 0.030 43.798
0.001 -0.345 0.033 -0.004 -0.040 0.030 43.809
0.002 -0.278 0.032 -0.004 -0.040 0.030 43.819
0.003 -0.207 0.031 -0.004 -0.040 0.030 43.828
0.005 -0.128 0.032 -0.004 -0.040 0.030 43.838
0.007 -0.046 0.034 -0.004 -0.040 0.030 43.848
0.008 0.035 0.035 -0.004 -0.040 0.030 43.858
0.008 0.118 0.034 -0.004 -0.040 0.030 43.868
0.009 0.193 0.035 -0.004 -0.040 0.030 43.878
0.011 0.254 0.036 -0.004 -0.040 0.030 43.888
0.012 0.291 0.038 -0.004 -0.040 0.030 43.898
0.012 0.301 0.039 -0.004 -0.040 0.030 43.909
0.013 0.295 0.037 -0.004 -0.040 0.030 43.919
0.012 0.273 0.037 -0.004 -0.040 0.030 43.928
0.010 0.213 0.038 -0.004 -0.040 0.030 43.939
0.008 0.127 0.035 -0.004 -0.040 0.030 43.948
0.009 0.029 0.035 -0.004 -0.040 0.030 43.958
0.007 -0.067 0.033 -0.004 -0.040 0.030 43.968
0.004 -0.161 0.031 -0.004 -0.040 0.030 43.978
0.001 -0.253 0.031 -0.004 -0.040 0.030 43.988
-0.000 -0.339 0.032 -0.004 -0.040 0.030 43.998
-0.002 -0.414 0.032 -0.004 -0.040 0.030 44.009
-0.002 -0.463 0.030 -0.004 -0.040 0.030 44.019
-0.002 -0.473 0.029 -0.004 -0.040 0.030 44.029
-0.003 -0.455 0.030 -0.004 -0.040 0.030 44.039
-0.001 -0.408 0.031 -0.004 -0.040 0.030 44.049
-0.001 -0.344 0.033 -0.004 -0.040 0.030 44.058
0.002 -0.276 0.032 -0.004 -0.040 0.030 44.069
0.003 -0.204 0.031 -0.004 -0.040 0.030 44.079
0.005 -0.126 0.032 -0.004 -0.040 0.030 44.088
0.006 -0.043 0.034 -0.004 -0.040 0.030 44.098
0.008 0.038 0.035 -0.004 -0.040 0.030 44.108
0.010 0.120 0.034 -0.004 -0.040 0.030 44.118
0.012 0.196 0.035 -0.004 -0.040 0.030 44.128
0.014 0.256 0.036 -0.004 -0.040 0.030 44.138
0.016 0.292 0.038 -0.004 -0.040 0.030 44.148
0.016 0.302 0.039 -0.004 -0.040 0.030 44.158
0.016 0.297 0.037 -0.004 -0.040 0.030 44.168
0.016 0.274 0.037 -0.004 -0.040 0.030 44.178
0.013 0.216 0.038 -0.004 -0.040 0.030 44.188
0.012 0.130 0.035 -0.004 -0.040 0.030 44.198
0.012 0.033 0.035 -0.004 -0.040 0.030 44.208
0.010 -0.062 0.033 -0.004 -0.040 0.030 44.218
0.007 -0.156 0.031 -0.004 -0.040 0.030 44.228
0.004 -0.248 0.031 -0.004 -0.040 0.030 44.238
0.003 -0.336 0.032 -0.004 -0.040 0.030 44.248
0.002 -0.411 0.032 -0.004 -0.040 0.030 44.258
0.001 -0.461 0.030 -0.004 -0.040 0.030 44.268
0.001 -0.473 0.029 -0.004 -0.040 0.030 44.278
0.000 -0.458 0.031 -0.004 -0.040 0.030 44.288
0.002 -0.412 0.031 -0.004 -0.040 0.030 44.298
0.003 -0.349 0.033 -0.004 -0.040 0.030 44.308
0.005 -0.282 0.032 -0.004 -0.040 0.030 44.318
0.006 -0.211 0.031 -0.004 -0.040 0.030 44.328
0.008 -0.132 0.032 -0.004 -0.040 0.030 44.338
0.009 -0.050 0.034 -0.004 -0.040 0.030 44.348
0.011 0.032 0.035 -0.004 -0.040 0.030 44.358
0.012 0.115 0.034 -0.004 -0.040 0.030 44.368
0.013 0.191 0.035 -0.004 -0.040 0.030 44.378
0.014 0.253 0.036 -0.004 -0.040 0.030 44.388
0.015 0.292 0.038 -0.004 -0.040 0.030 44.398
0.016 0.303 0.039 -0.004 -0.040 0.030 44.408
0.016 0.298 0.037 -0.004 -0.040 0.030 44.418
0.016 0.279 0.037 -0.004 -0.040 0.030 44.428
0.014 0.225 0.038 -0.004 -0.040 0.030 44.438
0.011 0.140 0.035 -0.004 -0.040 0.030 44.448
0.012 0.043 0.035 -0.004 -0.040 0.030 44.458
0.010 -0.053 0.034 -0.004 -0.040 0.030 44.468
0.008 -0.148 0.031 -0.004 -0.040 0.030 44.478
0.004 -0.240 0.030 -0.004 -0.040 0.030 44.488
0.003 -0.327 0.032 -0.004 -0.040 0.030 44.498
0.001 -0.402 0.032 -0.004 -0.040 0.030 44.508
0.001 -0.455 0.031 -0.004 -0.040 0.030 44.518
0.001 -0.470 0.029 -0.004 -0.040 0.030 44.528
0.000 -0.457 0.030 -0.004 -0.040 0.030 44.538
0.002 -0.412 0.031 -0.004 -0.040 0.030 44.548
0.003 -0.349 0.033 -0.004 -0.040 0.030 44.558
0.004 -0.282 0.032 -0.004 -0.040 0.030 44.568
0.005 -0.211 0.031 -0.004 -0.040 0.030 44.578
0.007 -0.134 0.031 -0.004 -0.040 0.030 44.588
0.009 -0.052 0.033 -0.004 -0.040 0.030 44.598
0.010 0.030 0.035 -0.004 -0.040 0.030 44.608
0.012 0.112 0.034 -0.004 -0.040 0.030 44.618
0.013 0.189 0.035 -0.004 -0.040 0.030 44.628
0.014 0.251 0.036 -0.004 -0.040 0.030 44.638
0.015 0.289 0.038 -0.004 -0.040 0.030 44.648
0.016 0.302 0.039 -0.004 -0.040 0.030 44.658
0.016 0.297 0.038 -0.004 -0.040 0.030 44.668
0.016 0.277 0.038 -0.004 -0.040 0.030 44.678
0.013 0.222 0.038 -0.004 -0.040 0.030 44.688
0.011 0.137 0.035 -0.004 -0.040 0.030 44.698
0.012 0.038 0.034 -0.004 -0.040 0.030 44.708
0.010 -0.058 0.034 -0.004 -0.040 0.030 44.718
0.008 -0.153 0.031 -0.004 -0.040 0.030 44.728
0.005 -0.244 0.030 -0.004 -0.040 0.030 44.738
0.003 -0.330 0.031 -0.004 -0.040 0.030 44.748
0.002 -0.407 0.032 -0.004 -0.040 0.030 44.758
0.001 -0.460 0.030 -0.004 -0.040 0.030 44.768
0.001 -0.474 0.028 -0.004 -0.040 0.030 44.778
0.000 -0.460 0.030 -0.004 -0.040 0.030 44.788
0.002 -0.416 0.031 -0.004 -0.040 0.030 44.798
0.003 -0.353 0.032 -0.004 -0.040 0.030 44.808
0.004 -0.286 0.032 -0.004 -0.040 0.030 44.818
0.006 -0.215 0.030 -0.004 -0.040 0.030 44.828
0.007 -0.137 0.031 -0.004 -0.040 0.030 44.838
0.009 -0.055 0.033 -0.004 -0.040 0.030 44.848
0.011 0.026 0.034 -0.004 -0.040 0.030 44.858
0.011 0.104 0.034 -0.004 -0.040 0.030 44.868
0.012 0.174 0.034 -0.004 -0.040 0.030 44.878
0.014 0.225 0.036 -0.004 -0.040 0.030 44.888
0.014 0.243 0.038 -0.004 -0.040 0.030 44.898
0.014 0.239 0.036 -0.004 -0.040 0.030 44.908
0.015 0.220 0.037 -0.004 -0.040 0.030 44.918
0.014 0.169 0.038 -0.004 -0.040 0.030 44.928
0.011 0.085 0.034 -0.004 -0.040 0.030 44.938
0.010 -0.012 0.033 -0.004 -0.040 0.030 44.948
0.009 -0.108 0.033 -0.004 -0.040 0.030 44.958
0.007 -0.199 0.031 -0.004 -0.040 0.030 44.968
0.005 -0.278 0.030 -0.004 -0.040 0.030 44.978
0.004 -0.338 0.030 -0.004 -0.040 0.030 44.988
0.003 -0.369 0.030 -0.004 -0.040 0.030 44.998
0.003 -0.370 0.031 -0.004 -0.040 0.030 45.008
0.003 -0.340 0.029 -0.004 -0.040 0.030 45.018
0.005 -0.285 0.030 -0.004 -0.040 0.030 45.028
0.006 -0.221 0.033 -0.004 -0.040 0.030 45.038
0.008 -0.152 0.032 -0.004 -0.040 0.030 45.048
0.008 -0.073 0.032 -0.004 -0.040 0.030 45.058
0.011 0.009 0.034 -0.004 -0.040 0.030 45.068
0.012 0.082 0.034 -0.004 -0.040 0.030 45.078
0.013 0.145 0.035 -0.004 -0.040 0.030 45.088
0.014 0.192 0.037 -0.004 -0.040 0.030 45.098
0.014 0.212 0.037 -0.004 -0.040 0.030 45.108
0.013 0.210 0.035 -0.004 -0.040 0.030 45.118
0.014 0.197 0.035 -0.004 -0.040 0.030 45.128
0.013 0.160 0.037 -0.004 -0.040 0.030 45.138
0.011 0.091 0.035 -0.004 -0.040 0.030 45.148
0.010 0.006 0.034 -0.004 -0.040 0.030 45.158
0.009 -0.081 0.033 -0.004 -0.040 0.030 45.168
0.008 -0.169 0.031 -0.004 -0.040 0.030 45.178
0.005 -0.254 0.030 -0.004 -0.040 0.030 45.188
0.003 -0.323 0.030 -0.004 -0.040 0.030 45.198
0.003 -0.359 0.030 -0.004 -0.040 0.030 45.208
0.003 -0.362 0.032 -0.004 -0.040 0.030 45.218
0.003 -0.343 0.030 -0.004 -0.040 0.030 45.228
0.004 -0.298 0.029 -0.004 -0.040 0.030 45.238
0.005 -0.239 0.032 -0.004 -0.040 0.030 45.248
0.007 -0.174 0.032 -0.004 -0.040 0.030 45.258
0.008 -0.098 0.032 -0.004 -0.040 0.030 45.268
0.010 -0.017 0.034 -0.004 -0.040 0.030 45.278
0.011 0.057 0.034 -0.004 -0.040 0.030 45.288
0.012 0.124 0.034 -0.004 -0.040 0.030 45.298
0.014 0.177 0.037 -0.004 -0.040 0.030 45.308
0.013 0.204 0.037 -0.004 -0.040 0.030 45.318
0.013 0.206 0.036 -0.004 -0.040 0.030 45.328
0.014 0.197 0.035 -0.004 -0.040 0.030 45.338
0.014 0.175 0.036 -0.004 -0.040 0.030 45.348
0.012 0.121 0.036 -0.004 -0.040 0.030 45.358
0.010 0.039 0.034 -0.004 -0.040 0.030 45.368
0.010 -0.053 0.034 -0.004 -0.040 0.030 45.378
0.009 -0.144 0.033 -0.004 -0.040 0.030 45.388
0.007 -0.231 0.030 -0.004 -0.040 0.030 45.398
0.004 -0.303 0.029 -0.004 -0.040 0.030 45.408
0.003 -0.345 0.030 -0.004 -0.040 0.030 45.418
0.003 -0.355 0.032 -0.004 -0.040 0.030 45.428
0.003 -0.352 0.033 -0.004 -0.040 0.030 45.438
0.004 -0.324 0.028 -0.004 -0.040 0.030 45.448
0.005 -0.267 0.030 -0.004 -0.040 0.030 45.458
0.006 -0.203 0.033 -0.004 -0.040 0.030 45.468
0.008 -0.133 0.032 -0.004 -0.040 0.030 45.478
0.009 -0.052 0.033 -0.004 -0.040 0.030 45.488
0.011 0.026 0.034 -0.004 -0.040 0.030 45.498
0.012 0.095 0.033 -0.004 -0.040 0.030 45.508
0.013 0.156 0.035 -0.004 -0.040 0.030 45.519
0.014 0.197 0.037 -0.004 -0.040 0.030 45.528
0.013 0.211 0.037 -0.004 -0.040 0.030 45.538
0.014 0.207 0.036 -0.004 -0.040 0.030 45.548
0.014 0.189 0.036 -0.004 -0.040 0.030 45.559
0.012 0.137 0.037 -0.004 -0.040 0.030 45.568
0.010 0.056 0.034 -0.004 -0.040 0.030 45.578
0.010 -0.036 0.034 -0.004 -0.040 0.030 45.588
0.009 -0.125 0.033 -0.004 -0.040 0.030 45.598
0.007 -0.214 0.030 -0.004 -0.040 0.030 45.609
0.004 -0.294 0.030 -0.004 -0.040 0.030 45.618
0.003 -0.349 0.030 -0.004 -0.040 0.030 45.629
0.003 -0.369 0.031 -0.004 -0.040 0.030 45.638
0.002 -0.365 0.032 -0.004 -0.040 0.030 45.648
0.004 -0.331 0.029 -0.004 -0.040 0.030 45.659
0.005 -0.272 0.030 -0.004 -0.040 0.030 45.668
0.006 -0.209 0.033 -0.004 -0.040 0.030 45.679
0.008 -0.138 0.032 -0.004 -0.040 0.030 45.688
0.008 -0.057 0.033 -0.004 -0.040 0.030 45.698
0.011 0.022 0.034 -0.004 -0.040 0.030 45.709
0.011 0.092 0.033 -0.004 -0.040 0.030 45.718
0.013 0.153 0.035 -0.004 -0.040 0.030 45.729
0.014 0.196 0.037 -0.004 -0.040 0.030 45.738
0.013 0.212 0.037 -0.004 -0.040 0.030 45.748
0.013 0.209 0.036 -0.004 -0.040 0.030 45.759
0.014 0.192 0.036 -0.004 -0.040 0.030 45.768
0.013 0.143 0.037 -0.004 -0.040 0.030 45.779
0.010 0.064 0.034 -0.004 -0.040 0.030 45.789
0.010 -0.027 0.033 -0.004 -0.040 0.030 45.798
0.009 -0.117 0.033 -0.004 -0.040 0.030 45.809
0.007 -0.207 0.031 -0.004 -0.040 0.030 45.818
0.005 -0.286 0.029 -0.004 -0.040 0.030 45.828
0.003 -0.342 0.030 -0.004 -0.040 0.030 45.838
0.003 -0.365 0.031 -0.004 -0.040 0.030 45.848
0.003 -0.363 0.032 -0.004 -0.040 0.030 45.859
0.004 -0.329 0.029 -0.004 -0.040 0.030 45.868
0.005 -0.271 0.030 -0.004 -0.040 0.030 45.879
0.006 -0.208 0.032 -0.004 -0.040 0.030 45.889
0.008 -0.137 0.032 -0.004 -0.040 0.030 45.898
0.009 -0.057 0.033 -0.004 -0.040 0.030 45.908
0.011 0.022 0.034 -0.004 -0.040 0.030 45.919
0.011 0.093 0.033 -0.004 -0.040 0.030 45.928
0.013 0.154 0.035 -0.004 -0.040 0.030 45.938
0.014 0.197 0.037 -0.004 -0.040 0.030 45.948
0.013 0.213 0.037 -0.004 -0.040 0.030 45.958
0.013 0.210 0.035 -0.004 -0.040 0.030 45.968
0.014 0.194 0.036 -0.004 -0.040 0.030 45.978
0.013 0.149 0.037 -0.004 -0.040 0.030 45.988
0.010 0.071 0.034 -0.004 -0.040 0.030 45.998
0.010 -0.020 0.033 -0.004 -0.040 0.030 46.008
0.009 -0.111 0.033 -0.004 -0.040 0.030 46.018
0.007 -0.200 0.031 -0.004 -0.040 0.030 46.028
0.004 -0.280 0.029 -0.004 -0.040 0.030 46.038
0.003 -0.338 0.030 -0.004 -0.040 0.030 46.048
0.003 -0.364 0.031 -0.004 -0.040 0.030 46.058
0.003 -0.363 0.032 -0.004 -0.040 0.030 46.068
0.003 -0.333 0.029 -0.004 -0.040 0.030 46.078
0.005 -0.277 0.029 -0.004 -0.040 0.030 46.088
0.006 -0.214 0.033 -0.004 -0.040 0.030 46.098
0.008 -0.144 0.032 -0.004 -0.040 0.030 46.108
0.008 -0.065 0.033 -0.004 -0.040 0.030 46.118
0.011 0.015 0.034 -0.004 -0.040 0.030 46.128
0.011 0.085 0.033 -0.004 -0.040 0.030 46.138
0.013 0.147 0.035 -0.004 -0.040 0.030 46.148
0.014 0.193 0.037 -0.004 -0.040 0.030 46.158
0.013 0.211 0.037 -0.004 -0.040 0.030 46.168
0.013 0.208 0.036 -0.004 -0.040 0.030 46.179
0.014 0.192 0.036 -0.004 -0.040 0.030 46.189
0.013 0.149 0.037 -0.004 -0.040 0.030 46.198
0.010 0.074 0.035 -0.004 -0.040 0.030 46.208
0.010 -0.017 0.033 -0.004 -0.040 0.030 46.218
0.009 -0.108 0.033 -0.004 -0.040 0.030 46.229
0.008 -0.197 0.031 -0.004 -0.040 0.030 46.237
0.005 -0.277 0.030 -0.004 -0.040 0.030 46.249
0.003 -0.335 0.030 -0.004 -0.040 0.030 46.259
0.003 -0.362 0.031 -0.004 -0.040 0.030 46.268
0.003 -0.362 0.032 -0.004 -0.040 0.030 46.279
0.004 -0.335 0.029 -0.004 -0.040 0.030 46.289
0.005 -0.279 0.029 -0.004 -0.040 0.030 46.299
0.006 -0.216 0.032 -0.004 -0.040 0.030 46.309
0.008 -0.147 0.032 -0.004 -0.040 0.030 46.319
0.009 -0.068 0.033 -0.004 -0.040 0.030 46.329
0.011 0.011 0.034 -0.004 -0.040 0.030 46.339
0.012 0.082 0.033 -0.004 -0.040 0.030 46.349
0.013 0.145 0.035 -0.004 -0.040 0.030 46.359
0.014 0.191 0.037 -0.004 -0.040 0.030 46.368
0.014 0.211 0.037 -0.004 -0.040 0.030 46.379
0.014 0.209 0.036 -0.004 -0.040 0.030 46.389
0.014 0.193 0.036 -0.004 -0.040 0.030 46.399
0.013 0.153 0.037 -0.004 -0.040 0.030 46.409
0.011 0.078 0.035 -0.004 -0.040 0.030 46.419
0.010 -0.011 0.033 -0.004 -0.040 0.030 46.429
0.009 -0.103 0.033 -0.004 -0.040 0.030 46.439
0.008 -0.193 0.031 -0.004 -0.040 0.030 46.449
0.005 -0.273 0.029 -0.004 -0.040 0.030 46.459
0.004 -0.334 0.030 -0.004 -0.040 0.030 46.468
0.003 -0.363 0.031 -0.004 -0.040 0.030 46.479
0.003 -0.365 0.032 -0.004 -0.040 0.030 46.489
0.004 -0.340 0.029 -0.004 -0.040 0.030 46.499
0.006 -0.287 0.029 -0.004 -0.040 0.030 46.509
0.006 -0.223 0.032 -0.004 -0.040 0.030 46.519
0.008 -0.155 0.032 -0.004 -0.040 0.030 46.529
0.009 -0.078 0.033 -0.004 -0.040 0.030 46.539
0.011 0.003 0.034 -0.004 -0.040 0.030 46.549
0.012 0.075 0.033 -0.004 -0.040 0.030 46.559
0.013 0.139 0.034 -0.004 -0.040 0.030 46.568
0.014 0.188 0.037 -0.004 -0.040 0.030 46.579
0.014 0.211 0.037 -0.004 -0.040 0.030 46.589
0.014 0.211 0.035 -0.004 -0.040 0.030 46.599
0.014 0.198 0.035 -0.004 -0.040 0.030 46.609
0.014 0.160 0.036 -0.004 -0.040 0.030 46.619
0.011 0.088 0.035 -0.004 -0.040 0.030 46.629
0.010 0.001 0.033 -0.004 -0.040 0.030 46.639
0.009 -0.089 0.033 -0.004 -0.040 0.030 46.649
0.009 -0.179 0.031 -0.004 -0.040 0.030 46.659
0.006 -0.262 0.030 -0.004 -0.040 0.030 46.669
0.004 -0.328 0.030 -0.004 -0.040 0.030 46.679
0.003 -0.363 0.030 -0.004 -0.040 0.030 46.689
0.003 -0.367 0.032 -0.004 -0.040 0.030 46.699
0.004 -0.349 0.029 -0.004 -0.040 0.030 46.709
0.005 -0.301 0.028 -0.004 -0.040 0.030 46.719
0.006 -0.237 0.032 -0.004 -0.040 0.030 46.728
0.008 -0.171 0.032 -0.004 -0.040 0.030 46.739
0.008 -0.096 0.032 -0.004 -0.040 0.030 46.749
0.010 -0.015 0.034 -0.004 -0.040 0.030 46.759
0.012 0.058 0.034 -0.004 -0.040 0.030 46.769
0.013 0.124 0.034 -0.004 -0.040 0.030 46.779
0.014 0.178 0.036 -0.004 -0.040 0.030 46.789
0.014 0.207 0.037 -0.004 -0.040 0.030 46.799
0.014 0.210 0.036 -0.004 -0.040 0.030 46.809
0.015 0.200 0.035 -0.004 -0.040 0.030 46.819
0.015 0.172 0.036 -0.004 -0.040 0.030 46.829
0.012 0.109 0.036 -0.004 -0.040 0.030 46.839
0.011 0.026 0.033 -0.004 -0.040 0.030 46.849
0.010 -0.066 0.033 -0.004 -0.040 0.030 46.859
0.009 -0.156 0.032 -0.004 -0.040 0.030 46.869
0.007 -0.241 0.030 -0.004 -0.040 0.030 46.879
0.005 -0.313 0.030 -0.004 -0.040 0.030 46.889
0.004 -0.355 0.030 -0.004 -0.040 0.030 46.899
0.003 -0.365 0.032 -0.004 -0.040 0.030 46.909
0.004 -0.355 0.030 -0.004 -0.040 0.030 46.919
0.006 -0.312 0.028 -0.004 -0.040 0.030 46.929
0.006 -0.250 0.031 -0.004 -0.040 0.030 46.938
0.008 -0.186 0.032 -0.004 -0.040 0.030 46.949
0.009 -0.113 0.032 -0.004 -0.040 0.030 46.959
0.010 -0.031 0.033 -0.004 -0.040 0.030 46.969
0.012 0.043 0.034 -0.004 -0.040 0.030 46.979
0.013 0.111 0.033 -0.004 -0.040 0.030 46.989
0.014 0.168 0.036 -0.004 -0.040 0.030 46.999
0.014 0.203 0.037 -0.004 -0.040 0.030 47.009
0.014 0.211 0.036 -0.004 -0.040 0.030 47.019
0.015 0.204 0.035 -0.004 -0.040 0.030 47.029
0.015 0.181 0.036 -0.004 -0.040 0.030 47.039
0.013 0.126 0.036 -0.004 -0.040 0.030 47.049
0.011 0.046 0.033 -0.004 -0.040 0.030 47.059
0.010 -0.047 0.033 -0.004 -0.040 0.030 47.069
0.010 -0.139 0.032 -0.004 -0.040 0.030 47.079
0.008 -0.227 0.030 -0.004 -0.040 0.030 47.089
0.005 -0.302 0.029 -0.004 -0.040 0.030 47.099
0.004 -0.351 0.030 -0.004 -0.040 0.030 47.109
0.004 -0.367 0.031 -0.004 -0.040 0.030 47.119
0.004 -0.362 0.031 -0.004 -0.040 0.030 47.129
0.005 -0.326 0.028 -0.004 -0.040 0.030 47.139
0.006 -0.266 0.029 -0.004 -0.040 0.030 47.149
0.007 -0.202 0.032 -0.004 -0.040 0.030 47.159
0.009 -0.130 0.031 -0.004 -0.040 0.030 47.169
0.010 -0.050 0.033 -0.004 -0.040 0.030 47.179
0.012 0.027 0.034 -0.004 -0.040 0.030 47.189
0.013 0.097 0.033 -0.004 -0.040 0.030 47.199
0.014 0.158 0.035 -0.004 -0.040 0.030 47.210
0.015 0.202 0.037 -0.004 -0.040 0.030 47.219
0.015 0.219 0.036 -0.004 -0.040 0.030 47.230
0.015 0.216 0.036 -0.004 -0.040 0.030 47.239
0.016 0.198 0.036 -0.004 -0.040 0.030 47.250
0.014 0.154 0.036 -0.004 -0.040 0.030 47.259
0.012 0.077 0.034 -0.004 -0.040 0.030 47.269
0.011 -0.014 0.033 -0.004 -0.040 0.030 47.279
0.010 -0.105 0.033 -0.004 -0.040 0.030 47.290
0.009 -0.195 0.031 -0.004 -0.040 0.030 47.299
0.006 -0.278 0.030 -0.004 -0.040 0.030 47.310
0.005 -0.342 0.030 -0.004 -0.040 0.030 47.319
0.004 -0.374 0.031 -0.004 -0.040 0.030 47.329
0.004 -0.377 0.031 -0.004 -0.040 0.030 47.340
0.005 -0.356 0.029 -0.004 -0.040 0.030 47.349
0.006 -0.304 0.028 -0.004 -0.040 0.030 47.359
0.006 -0.238 0.032 -0.004 -0.040 0.030 47.370
0.008 -0.172 0.032 -0.004 -0.040 0.030 47.379
0.009 -0.096 0.032 -0.004 -0.040 0.030 47.390
0.011 -0.014 0.033 -0.004 -0.040 0.030 47.400
0.012 0.059 0.034 -0.004 -0.040 0.030 47.409
0.013 0.127 0.034 -0.004 -0.040 0.030 47.419
0.014 0.184 0.037 -0.004 -0.040 0.030 47.430
0.015 0.216 0.037 -0.004 -0.040 0.030 47.440
0.014 0.221 0.036 -0.004 -0.040 0.030 47.450
0.015 0.211 0.036 -0.004 -0.040 0.030 47.460
0.015 0.184 0.036 -0.004 -0.040 0.030 47.469
0.013 0.124 0.036 -0.004 -0.040 0.030 47.479
0.011 0.040 0.033 -0.004 -0.040 0.030 47.489
0.010 -0.053 0.033 -0.004 -0.040 0.030 47.499
0.010 -0.144 0.032 -0.004 -0.040 0.030 47.509
0.007 -0.232 0.030 -0.004 -0.040 0.030 47.519
0.005 -0.310 0.030 -0.004 -0.040 0.030 47.530
0.004 -0.362 0.030 -0.004 -0.040 0.030 47.539
0.003 -0.379 0.031 -0.004 -0.040 0.030 47.549
0.004 -0.374 0.031 -0.004 -0.040 0.030 47.559
0.005 -0.339 0.028 -0.004 -0.040 0.030 47.570
0.006 -0.278 0.030 -0.004 -0.040 0.030 47.579
0.007 -0.214 0.033 -0.004 -0.040 0.030 47.589
0.008 -0.144 0.031 -0.004 -0.040 0.030 47.599
0.010 -0.065 0.033 -0.004 -0.040 0.030 47.610
0.012 0.015 0.034 -0.004 -0.040 0.030 47.620
0.012 0.088 0.033 -0.004 -0.040 0.030 47.630
0.014 0.154 0.035 -0.004 -0.040 0.030 47.640
0.015 0.205 0.037 -0.004 -0.040 0.030 47.650
0.015 0.230 0.037 -0.004 -0.040 0.030 47.660
0.015 0.231 0.036 -0.004 -0.040 0.030 47.670
0.016 0.217 0.036 -0.004 -0.040 0.030 47.680
0.014 0.183 0.036 -0.004 -0.040 0.030 47.690
0.012 0.114 0.036 -0.004 -0.040 0.030 47.700
0.011 0.025 0.033 -0.004 -0.040 0.030 47.710
0.010 -0.069 0.033 -0.004 -0.040 0.030 47.720
0.009 -0.161 0.031 -0.004 -0.040 0.030 47.730
0.007 -0.248 0.030 -0.004 -0.040 0.030 47.740
0.005 -0.325 0.030 -0.004 -0.040 0.030 47.750
0.003 -0.375 0.031 -0.004 -0.040 0.030 47.760
0.003 -0.393 0.031 -0.004 -0.040 0.030 47.770
0.004 -0.387 0.031 -0.004 -0.040 0.030 47.780
0.005 -0.349 0.028 -0.004 -0.040 0.030 47.790
0.006 -0.288 0.031 -0.004 -0.040 0.030 47.800
0.007 -0.224 0.033 -0.004 -0.040 0.030 47.810
0.008 -0.155 0.031 -0.004 -0.040 0.030 47.820
0.010 -0.075 0.032 -0.004 -0.040 0.030 47.830
0.012 0.005 0.033 -0.004 -0.040 0.030 47.840
0.013 0.080 0.033 -0.004 -0.040 0.030 47.850
0.014 0.149 0.035 -0.004 -0.040 0.030 47.860
0.015 0.205 0.037 -0.004 -0.040 0.030 47.870
0.015 0.235 0.037 -0.004 -0.040 0.030 47.880
0.015 0.238 0.036 -0.004 -0.040 0.030 47.890
0.016 0.227 0.036 -0.004 -0.040 0.030 47.900
0.015 0.200 0.036 -0.004 -0.040 0.030 47.910
0.013 0.135 0.037 -0.004 -0.040 0.030 47.920
0.012 0.047 0.033 -0.004 -0.040 0.030 47.930
0.011 -0.049 0.033 -0.004 -0.040 0.030 47.940
0.010 -0.141 0.032 -0.004 -0.040 0.030 47.950
0.008 -0.231 0.030 -0.004 -0.040 0.030 47.960
0.005 -0.311 0.030 -0.004 -0.040 0.030 47.970
0.004 -0.370 0.030 -0.004 -0.040 0.030 47.980
0.003 -0.399 0.031 -0.004 -0.040 0.030 47.990
0.004 -0.399 0.031 -0.004 -0.040 0.030 48.000
0.004 -0.369 0.028 -0.004 -0.040 0.030 48.010
0.005 -0.312 0.030 -0.004 -0.040 0.030 48.020
0.006 -0.246 0.033 -0.004 -0.040 0.030 48.030
0.008 -0.180 0.032 -0.004 -0.040 0.030 48.040
0.009 -0.103 0.032 -0.004 -0.040 0.030 48.050
0.011 -0.020 0.033 -0.004 -0.040 0.030 48.060
0.012 0.055 0.033 -0.004 -0.040 0.030 48.070
0.013 0.129 0.034 -0.004 -0.040 0.030 48.080
0.015 0.191 0.037 -0.004 -0.040 0.030 48.090
0.015 0.231 0.037 -0.004 -0.040 0.030 48.100
0.015 0.241 0.036 -0.004 -0.040 0.030 48.110
0.016 0.235 0.036 -0.004 -0.040 0.030 48.120
0.016 0.214 0.036 -0.004 -0.040 0.030 48.130
0.014 0.162 0.037 -0.004 -0.040 0.030 48.140
0.012 0.081 0.034 -0.004 -0.040 0.030 48.150
0.011 -0.013 0.033 -0.004 -0.040 0.030 48.160
0.011 -0.105 0.032 -0.004 -0.040 0.030 48.170
0.009 -0.196 0.031 -0.004 -0.040 0.030 48.180
0.006 -0.282 0.030 -0.004 -0.040 0.030 48.190
0.004 -0.354 0.030 -0.004 -0.040 0.030 48.200
0.003 -0.399 0.031 -0.004 -0.040 0.030 48.210
0.004 -0.411 0.030 -0.004 -0.040 0.030 48.220
0.003 -0.397 0.030 -0.004 -0.040 0.030 48.230
0.005 -0.350 0.028 -0.004 -0.040 0.030 48.240
0.005 -0.284 0.032 -0.004 -0.040 0.030 48.250
0.007 -0.221 0.033 -0.004 -0.040 0.030 48.261
0.008 -0.149 0.031 -0.004 -0.040 0.030 48.271
0.010 -0.067 0.032 -0.004 -0.040 0.030 48.281
0.012 0.012 0.033 -0.004 -0.040 0.030 48.291
0.013 0.087 0.033 -0.004 -0.040 0.030 48.301
0.014 0.158 0.036 -0.004 -0.040 0.030 48.311
0.015 0.214 0.037 -0.004 -0.040 0.030 48.321
0.015 0.243 0.036 -0.004 -0.040 0.030 48.331
0.015 0.246 0.036 -0.004 -0.040 0.030 48.341
0.016 0.237 0.036 -0.004 -0.040 0.030 48.351
0.015 0.209 0.037 -0.004 -0.040 0.030 48.361
0.013 0.146 0.037 -0.004 -0.040 0.030 48.371
0.012 0.059 0.033 -0.004 -0.040 0.030 48.381
0.011 -0.036 0.033 -0.004 -0.040 0.030 48.391
0.011 -0.128 0.032 -0.004 -0.040 0.030 48.401
0.007 -0.219 0.031 -0.004 -0.040 0.030 48.411
0.005 -0.302 0.030 -0.004 -0.040 0.030 48.421
0.003 -0.370 0.031 -0.004 -0.040 0.030 48.431
0.003 -0.411 0.031 -0.004 -0.040 0.030 48.441
0.003 -0.418 0.031 -0.004 -0.040 0.030 48.451
0.003 -0.396 0.029 -0.004 -0.040 0.030 48.461
0.005 -0.345 0.029 -0.004 -0.040 0.030 48.471
0.005 -0.279 0.032 -0.004 -0.040 0.030 48.481
0.008 -0.216 0.033 -0.004 -0.040 0.030 48.491
0.008 -0.142 0.031 -0.004 -0.040 0.030 48.501
0.010 -0.060 0.033 -0.004 -0.040 0.030 48.511
0.012 0.019 0.033 -0.004 -0.040 0.030 48.521
0.013 0.095 0.033 -0.004 -0.040 0.030 48.531
0.015 0.167 0.036 -0.004 -0.040 0.030 48.541
0.015 0.223 0.036 -0.004 -0.040 0.030 48.551
0.015 0.252 0.037 -0.004 -0.040 0.030 48.561
0.016 0.256 0.037 -0.004 -0.040 0.030 48.571
0.017 0.246 0.036 -0.004 -0.040 0.030 48.581
0.015 0.217 0.037 -0.004 -0.040 0.030 48.591
0.013 0.152 0.037 -0.004 -0.040 0.030 48.601
0.012 0.064 0.033 -0.004 -0.040 0.030 48.611
0.012 -0.032 0.034 -0.004 -0.040 0.030 48.621
0.011 -0.125 0.032 -0.004 -0.040 0.030 48.631
0.007 -0.215 0.031 -0.004 -0.040 0.030 48.641
0.005 -0.300 0.030 -0.004 -0.040 0.030 48.651
0.004 -0.370 0.031 -0.004 -0.040 0.030 48.661
0.003 -0.415 0.031 -0.004 -0.040 0.030 48.671
0.003 -0.426 0.030 -0.004 -0.040 0.030 48.681
0.003 -0.409 0.029 -0.004 -0.040 0.030 48.691
0.004 -0.361 0.029 -0.004 -0.040 0.030 48.701
0.005 -0.297 0.032 -0.004 -0.040 0.030 48.710
0.007 -0.233 0.033 -0.004 -0.040 0.030 48.721
0.008 -0.161 0.031 -0.004 -0.040 0.030 48.730
0.009 -0.080 0.032 -0.004 -0.040 0.030 48.741
0.011 -0.000 0.033 -0.004 -0.040 0.030 48.750
0.013 0.076 0.034 -0.004 -0.040 0.030 48.760
0.014 0.151 0.035 -0.004 -0.040 0.030 48.770
0.015 0.211 0.036 -0.004 -0.040 0.030 48.780
0.015 0.246 0.036 -0.004 -0.040 0.030 48.790
0.016 0.255 0.037 -0.004 -0.040 0.030 48.800
0.016 0.248 0.036 -0.004 -0.040 0.030 48.810
0.016 0.225 0.037 -0.004 -0.040 0.030 48.820
0.014 0.166 0.037 -0.004 -0.040 0.030 48.830
0.012 0.080 0.033 -0.004 -0.040 0.030 48.840
0.011 -0.017 0.034 -0.004 -0.040 0.030 48.850
0.011 -0.112 0.033 -0.004 -0.040 0.030 48.860
0.008 -0.204 0.030 -0.004 -0.040 0.030 48.870
0.005 -0.287 0.030 -0.004 -0.040 0.030 48.880
0.004 -0.357 0.031 -0.004 -0.040 0.030 48.890
0.003 -0.406 0.031 -0.004 -0.040 0.030 48.900
0.003 -0.422 0.030 -0.004 -0.040 0.030 48.910
0.003 -0.408 0.029 -0.004 -0.040 0.030 48.920
0.004 -0.359 0.029 -0.004 -0.040 0.030 48.930
0.005 -0.296 0.032 -0.004 -0.040 0.030 48.940
0.007 -0.233 0.033 -0.004 -0.040 0.030 48.950
0.008 -0.160 0.031 -0.004 -0.040 0.030 48.960
0.009 -0.080 0.032 -0.004 -0.040 0.030 48.970
0.011 -0.000 0.033 -0.004 -0.040 0.030 48.980
0.013 0.076 0.033 -0.004 -0.040 0.030 48.990
0.014 0.150 0.035 -0.004 -0.040 0.030 49.000
0.015 0.210 0.036 -0.004 -0.040 0.030 49.010
0.015 0.245 0.036 -0.004 -0.040 0.030 49.020
0.016 0.253 0.037 -0.004 -0.040 0.030 49.030
0.016 0.246 0.036 -0.004 -0.040 0.030 49.040
0.015 0.223 0.037 -0.004 -0.040 0.030 49.050
0.014 0.164 0.037 -0.004 -0.040 0.030 49.060
0.012 0.079 0.033 -0.004 -0.040 0.030 49.070
0.011 -0.018 0.033 -0.004 -0.040 0.030 49.080
0.011 -0.111 0.033 -0.004 -0.040 0.030 49.090
0.008 -0.203 0.031 -0.004 -0.040 0.030 49.100
0.005 -0.289 0.030 -0.004 -0.040 0.030 49.110
0.003 -0.360 0.031 -0.004 -0.040 0.030 49.120
0.003 -0.410 0.031 -0.004 -0.040 0.030 49.130
0.003 -0.426 0.030 -0.004 -0.040 0.030 49.140
0.003 -0.413 0.029 -0.004 -0.040 0.030 49.150
0.004 -0.366 0.028 -0.004 -0.040 0.030 49.160
0.005 -0.302 0.032 -0.004 -0.040 0.030 49.170
0.006 -0.239 0.033 -0.004 -0.040 0.030 49.180
0.007 -0.167 0.031 -0.004 -0.040 0.030 49.190
0.009 -0.086 0.032 -0.004 -0.040 0.030 49.200
0.011 -0.006 0.033 -0.004 -0.040 0.030 49.210
0.012 0.071 0.033 -0.004 -0.040 0.030 49.220
0.014 0.147 0.035 -0.004 -0.040 0.030 49.230
0.014 0.210 0.036 -0.004 -0.040 0.030 49.240
0.016 0.259 0.037 -0.004 -0.040 0.030 49.250
0.016 0.259 0.037 -0.004 -0.040 0.030 49.259
0.016 0.234 0.037 -0.004 -0.040 0.030 49.270
0.014 0.180 0.038 -0.004 -0.040 0.030 49.280
0.012 0.097 0.034 -0.004 -0.040 0.030 49.290
0.011 -0.000 0.033 -0.004 -0.040 0.030 49.300
0.011 -0.096 0.033 -0.004 -0.040 0.030 49.310
0.009 -0.189 0.031 -0.004 -0.040 0.030 49.320
0.005 -0.274 0.030 -0.004 -0.040 0.030 49.330
0.004 -0.348 0.031 -0.004 -0.040 0.030 49.340
0.003 -0.405 0.031 -0.004 -0.040 0.030 49.350
0.003 -0.428 0.030 -0.004 -0.040 0.030 49.360
0.003 -0.421 0.030 -0.004 -0.040 0.030 49.370
0.004 -0.380 0.028 -0.004 -0.040 0.030 49.380
0.005 -0.319 0.031 -0.004 -0.040 0.030 49.390
0.006 -0.255 0.033 -0.004 -0.040 0.030 49.400
0.007 -0.186 0.032 -0.004 -0.040 0.030 49.410
0.009 -0.107 0.032 -0.004 -0.040 0.030 49.420
0.011 -0.026 0.032 -0.004 -0.040 0.030 49.430
0.012 0.051 0.033 -0.004 -0.040 0.030 49.440
0.013 0.129 0.034 -0.004 -0.040 0.030 49.450
0.014 0.196 0.036 -0.004 -0.040 0.030 49.460
0.015 0.242 0.036 -0.004 -0.040 0.030 49.470
0.015 0.261 0.037 -0.004 -0.040 0.030 49.480
0.016 0.259 0.036 -0.004 -0.040 0.030 49.490
0.016 0.243 0.036 -0.004 -0.040 0.030 49.500
0.015 0.200 0.038 -0.004 -0.040 0.030 49.510
0.012 0.122 0.035 -0.004 -0.040 0.030 49.520
0.011 0.027 0.033 -0.004 -0.040 0.030 49.530
0.011 -0.069 0.033 -0.004 -0.040 0.030 49.540
0.009 -0.163 0.031 -0.004 -0.040 0.030 49.550
0.006 -0.251 0.030 -0.004 -0.040 0.030 49.560
0.004 -0.331 0.030 -0.004 -0.040 0.030 49.570
0.003 -0.395 0.031 -0.004 -0.040 0.030 49.580
0.003 -0.428 0.030 -0.004 -0.040 0.030 49.590
0.003 -0.428 0.030 -0.004 -0.040 0.030 49.600
0.003 -0.397 0.028 -0.004 -0.040 0.030 49.610
0.005 -0.342 0.030 -0.004 -0.040 0.030 49.620
0.006 -0.277 0.033 -0.004 -0.040 0.030 49.630
0.007 -0.211 0.032 -0.004 -0.040 0.030 49.640
0.008 -0.135 0.031 -0.004 -0.040 0.030 49.650
0.010 -0.054 0.032 -0.004 -0.040 0.030 49.660
0.012 0.025 0.033 -0.004 -0.040 0.030 49.670
0.013 0.104 0.034 -0.004 -0.040 0.030 49.680
0.015 0.176 0.036 -0.004 -0.040 0.030 49.690
0.015 0.232 0.036 -0.004 -0.040 0.030 49.700
0.016 0.262 0.036 -0.004 -0.040 0.030 49.710
0.016 0.267 0.037 -0.004 -0.040 0.030 49.720
0.016 0.258 0.036 -0.004 -0.040 0.030 49.730
0.016 0.231 0.037 -0.004 -0.040 0.030 49.740
0.014 0.166 0.037 -0.004 -0.040 0.030 49.750
0.012 0.077 0.033 -0.004 -0.040 0.030 49.760
0.012 -0.022 0.034 -0.004 -0.040 0.030 49.770
0.011 -0.118 0.032 -0.004 -0.040 0.030 49.780
0.008 -0.209 0.030 -0.004 -0.040 0.030 49.790
0.005 -0.294 0.030 -0.004 -0.040 0.030 49.800
0.004 -0.368 0.031 -0.004 -0.040 0.030 49.810
0.003 -0.422 0.031 -0.004 -0.040 0.030 49.820
0.003 -0.440 0.030 -0.004 -0.040 0.030 49.830
0.003 -0.428 0.029 -0.004 -0.040 0.030 49.840
0.004 -0.382 0.028 -0.004 -0.040 0.030 49.850
0.005 -0.320 0.032 -0.004 -0.040 0.030 49.860
0.006 -0.255 0.034 -0.004 -0.040 0.030 49.870
0.008 -0.186 0.031 -0.004 -0.040 0.030 49.880
0.009 -0.107 0.031 -0.004 -0.040 0.030 49.890
0.011 -0.025 0.032 -0.004 -0.040 0.030 49.900
0.013 0.053 0.033 -0.004 -0.040 0.030 49.910
0.014 0.131 0.035 -0.004 -0.040 0.030 49.920
0.015 0.200 0.036 -0.004 -0.040 0.030 49.930
0.016 0.248 0.037 -0.004 -0.040 0.030 49.940
0.016 0.267 0.037 -0.004 -0.040 0.030 49.950
0.016 0.266 0.036 -0.004 -0.040 0.030 49.960
0.017 0.252 0.036 -0.004 -0.040 0.030 49.970
0.016 0.212 0.038 -0.004 -0.040 0.030 49.980
0.013 0.136 0.035 -0.004 -0.040 0.030 49.990
0.012 0.041 0.033 -0.004 -0.040 0.030 50.000
0.012 -0.057 0.034 -0.004 -0.040 0.030 50.010
0.010 -0.152 0.031 -0.004 -0.040 0.030 50.020
0.007 -0.241 0.030 -0.004 -0.040 0.030 50.030
0.005 -0.323 0.030 -0.004 -0.040 0.030 50.040
0.004 -0.393 0.031 -0.004 -0.040 0.030 50.050
0.003 -0.435 0.030 -0.004 -0.040 0.030 50.060
0.004 -0.440 0.030 -0.004 -0.040 0.030 50.070
0.003 -0.417 0.028 -0.004 -0.040 0.030 50.080
0.005 -0.366 0.029 -0.004 -0.040 0.030 50.090
0.005 -0.301 0.033 -0.004 -0.040 0.030 50.100
0.007 -0.237 0.033 -0.004 -0.040 0.030 50.110
0.008 -0.165 0.030 -0.004 -0.040 0.030 50.120
0.010 -0.085 0.032 -0.004 -0.040 0.030 50.130
0.012 -0.004 0.033 -0.004 -0.040 0.030 50.140
0.013 0.073 0.034 -0.004 -0.040 0.030 50.150
0.014 0.150 0.035 -0.004 -0.040 0.030 50.160
0.015 0.214 0.036 -0.004 -0.040 0.030 50.170
0.016 0.255 0.036 -0.004 -0.040 0.030 50.180
0.016 0.270 0.037 -0.004 -0.040 0.030 50.190
0.017 0.266 0.036 -0.004 -0.040 0.030 50.200
0.017 0.247 0.037 -0.004 -0.040 0.030 50.210
0.015 0.199 0.038 -0.004 -0.040 0.030 50.220
0.013 0.118 0.034 -0.004 -0.040 0.030 50.230
0.012 0.020 0.033 -0.004 -0.040 0.030 50.240
0.012 -0.077 0.033 -0.004 -0.040 0.030 50.250
0.010 -0.170 0.031 -0.004 -0.040 0.030 50.260
0.007 -0.258 0.030 -0.004 -0.040 0.030 50.270
0.005 -0.339 0.031 -0.004 -0.040 0.030 50.280
0.004 -0.405 0.031 -0.004 -0.040 0.030 50.290
0.004 -0.441 0.030 -0.004 -0.040 0.030 50.300
0.004 -0.442 0.030 -0.004 -0.040 0.030 50.310
0.004 -0.413 0.028 -0.004 -0.040 0.030 50.320
0.005 -0.358 0.030 -0.004 -0.040 0.030 50.330
0.005 -0.293 0.033 -0.004 -0.040 0.030 50.340
0.008 -0.227 0.032 -0.004 -0.040 0.030 50.350
0.008 -0.153 0.031 -0.004 -0.040 0.030 50.360
0.011 -0.073 0.032 -0.004 -0.040 0.030 50.370
0.012 0.008 0.033 -0.004 -0.040 0.030 50.380
0.013 0.087 0.034 -0.004 -0.040 0.030 50.390
0.015 0.163 0.035 -0.004 -0.040 0.030 50.400
0.015 0.225 0.036 -0.004 -0.040 0.030 50.410
0.016 0.264 0.036 -0.004 -0.040 0.030 50.420
0.017 0.274 0.037 -0.004 -0.040 0.030 50.430
0.017 0.269 0.037 -0.004 -0.040 0.030 50.440
0.017 0.249 0.037 -0.004 -0.040 0.030 50.450
0.015 0.195 0.038 -0.004 -0.040 0.030 50.460
0.013 0.112 0.033 -0.004 -0.040 0.030 50.470
0.013 0.014 0.033 -0.004 -0.040 0.030 50.480
0.012 -0.083 0.033 -0.004 -0.040 0.030 50.490
0.010 -0.176 0.031 -0.004 -0.040 0.030 50.500
0.006 -0.264 0.030 -0.004 -0.040 0.030 50.510
0.005 -0.346 0.031 -0.004 -0.040 0.030 50.520
0.004 -0.411 0.031 -0.004 -0.040 0.030 50.529
0.003 -0.446 0.030 -0.004 -0.040 0.030 50.539
0.004 -0.446 0.030 -0.004 -0.040 0.030 50.550
0.004 -0.416 0.028 -0.004 -0.040 0.030 50.560
0.005 -0.363 0.030 -0.004 -0.040 0.030 50.569
0.006 -0.298 0.033 -0.004 -0.040 0.030 50.580
0.008 -0.232 0.032 -0.004 -0.040 0.030 50.590
0.008 -0.157 0.030 -0.004 -0.040 0.030 50.599
0.011 -0.078 0.032 -0.004 -0.040 0.030 50.609
0.012 0.002 0.033 -0.004 -0.040 0.030 50.619
0.013 0.081 0.034 -0.004 -0.040 0.030 50.629
0.015 0.157 0.035 -0.004 -0.040 0.030 50.639
0.015 0.220 0.035 -0.004 -0.040 0.030 50.649
0.017 0.260 0.036 -0.004 -0.040 0.030 50.659
0.017 0.273 0.038 -0.004 -0.040 0.030 50.670
0.017 0.269 0.036 -0.004 -0.040 0.030 50.679
0.017 0.251 0.036 -0.004 -0.040 0.030 50.690
0.016 0.200 0.038 -0.004 -0.040 0.030 50.699
0.013 0.117 0.034 -0.004 -0.040 0.030 50.709
0.013 0.019 0.033 -0.004 -0.040 0.030 50.719
0.012 -0.077 0.033 -0.004 -0.040 0.030 50.729
0.010 -0.169 0.030 -0.004 -0.040 0.030 50.739
0.007 -0.257 0.029 -0.004 -0.040 0.030 50.749
0.005 -0.339 0.031 -0.004 -0.040 0.030 50.759
0.004 -0.406 0.031 -0.004 -0.040 0.030 50.769
0.004 -0.443 0.030 -0.004 -0.040 0.030 50.779
0.004 -0.444 0.029 -0.004 -0.040 0.030 50.789
0.004 -0.413 0.028 -0.004 -0.040 0.030 50.799
0.006 -0.359 0.030 -0.004 -0.040 0.030 50.809
0.006 -0.295 0.033 -0.004 -0.040 0.030 50.819
0.008 -0.228 0.032 -0.004 -0.040 0.030 50.829
0.009 -0.153 0.030 -0.004 -0.040 0.030 50.839
0.011 -0.074 0.032 -0.004 -0.040 0.030 50.849
0.013 0.007 0.033 -0.004 -0.040 0.030 50.859
0.014 0.086 0.034 -0.004 -0.040 0.030 50.869
0.015 0.161 0.035 -0.004 -0.040 0.030 50.879
0.016 0.224 0.035 -0.004 -0.040 0.030 50.889
0.017 0.263 0.036 -0.004 -0.040 0.030 50.899
0.017 0.275 0.038 -0.004 -0.040 0.030 50.908
0.018 0.271 0.037 -0.004 -0.040 0.030 50.919
0.017 0.252 0.037 -0.004 -0.040 0.030 50.929
0.016 0.202 0.038 -0.004 -0.040 0.030 50.939
0.014 0.120 0.034 -0.004 -0.040 0.030 50.949
0.013 0.023 0.033 -0.004 -0.040 0.030 50.959
0.013 -0.074 0.033 -0.004 -0.040 0.030 50.969
0.010 -0.166 0.031 -0.004 -0.040 0.030 50.979
0.007 -0.248 0.029 -0.004 -0.040 0.030 50.989
0.006 -0.311 0.030 -0.004 -0.040 0.030 50.999
0.005 -0.344 0.030 -0.004 -0.040 0.030 51.009
0.006 -0.347 0.032 -0.004 -0.040 0.030 51.019
0.006 -0.324 0.029 -0.004 -0.040 0.030 51.029
0.007 -0.273 0.029 -0.004 -0.040 0.030 51.039
0.008 -0.211 0.032 -0.004 -0.040 0.030 51.049
0.010 -0.144 0.032 -0.004 -0.040 0.030 51.059
0.011 -0.069 0.032 -0.004 -0.040 0.030 51.069
0.013 0.009 0.034 -0.004 -0.040 0.030 51.079
0.014 0.074 0.033 -0.004 -0.040 0.030 51.089
0.015 0.128 0.034 -0.004 -0.040 0.030 51.098
0.016 0.167 0.037 -0.004 -0.040 0.030 51.109
0.016 0.177 0.036 -0.004 -0.040 0.030 51.119
0.015 0.173 0.034 -0.004 -0.040 0.030 51.129
0.016 0.157 0.035 -0.004 -0.040 0.030 51.139
0.015 0.115 0.036 -0.004 -0.040 0.030 51.149
0.013 0.043 0.034 -0.004 -0.040 0.030 51.159
0.012 -0.039 0.033 -0.004 -0.040 0.030 51.169
0.011 -0.120 0.033 -0.004 -0.040 0.030 51.179
0.010 -0.198 0.030 -0.004 -0.040 0.030 51.189
0.008 -0.261 0.029 -0.004 -0.040 0.030 51.197
0.007 -0.307 0.031 -0.004 -0.040 0.030 51.209
0.006 -0.328 0.030 -0.004 -0.040 0.030 51.219
0.007 -0.323 0.031 -0.004 -0.040 0.030 51.229
0.008 -0.286 0.029 -0.004 -0.040 0.030 51.239
0.009 -0.230 0.030 -0.004 -0.040 0.030 51.249
0.009 -0.167 0.032 -0.004 -0.040 0.030 51.259
0.011 -0.094 0.032 -0.004 -0.040 0.030 51.269
0.012 -0.017 0.033 -0.004 -0.040 0.030 51.279
0.014 0.052 0.034 -0.004 -0.040 0.030 51.289
0.014 0.111 0.033 -0.004 -0.040 0.030 51.298
0.016 0.155 0.035 -0.004 -0.040 0.030 51.309
0.016 0.173 0.037 -0.004 -0.040 0.030 51.319
0.015 0.172 0.035 -0.004 -0.040 0.030 51.329
0.016 0.160 0.035 -0.004 -0.040 0.030 51.339
0.016 0.129 0.035 -0.004 -0.040 0.030 51.349
0.013 0.064 0.034 -0.004 -0.040 0.030 51.359
0.012 -0.015 0.033 -0.004 -0.040 0.030 51.369
0.012 -0.098 0.033 -0.004 -0.040 0.030 51.379
0.011 -0.177 0.031 -0.004 -0.040 0.030 51.389
0.009 -0.241 0.029 -0.004 -0.040 0.030 51.398
0.007 -0.284 0.030 -0.004 -0.040 0.030 51.409
0.007 -0.301 0.031 -0.004 -0.040 0.030 51.419
0.007 -0.298 0.032 -0.004 -0.040 0.030 51.429
0.008 -0.269 0.029 -0.004 -0.040 0.030 51.439
0.009 -0.218 0.029 -0.004 -0.040 0.030 51.449
0.010 -0.155 0.031 -0.004 -0.040 0.030 51.459
0.012 -0.083 0.032 -0.004 -0.040 0.030 51.469
0.013 -0.009 0.034 -0.004 -0.040 0.030 51.479
0.014 0.057 0.035 -0.004 -0.040 0.030 51.489
0.015 0.112 0.033 -0.004 -0.040 0.030 51.498
0.016 0.152 0.035 -0.004 -0.040 0.030 51.509
0.016 0.167 0.036 -0.004 -0.040 0.030 51.519
0.016 0.164 0.034 -0.004 -0.040 0.030 51.529
0.016 0.151 0.035 -0.004 -0.040 0.030 51.539
0.016 0.119 0.036 -0.004 -0.040 0.030 51.549
0.013 0.055 0.033 -0.004 -0.040 0.030 51.559
0.012 -0.024 0.033 -0.004 -0.040 0.030 51.569
0.012 -0.105 0.033 -0.004 -0.040 0.030 51.579
0.011 -0.181 0.031 -0.004 -0.040 0.030 51.589
0.009 -0.242 0.029 -0.004 -0.040 0.030 51.599
0.008 -0.282 0.030 -0.004 -0.040 0.030 51.610
0.007 -0.297 0.030 -0.004 -0.040 0.030 51.619
0.007 -0.294 0.032 -0.004 -0.040 0.030 51.629
0.008 -0.263 0.029 -0.004 -0.040 0.030 51.640
0.009 -0.212 0.029 -0.004 -0.040 0.030 51.649
0.011 -0.149 0.031 -0.004 -0.040 0.030 51.659
0.012 -0.077 0.032 -0.004 -0.040 0.030 51.670
0.013 -0.004 0.033 -0.004 -0.040 0.030 51.679
0.014 0.061 0.034 -0.004 -0.040 0.030 51.690
0.015 0.116 0.034 -0.004 -0.040 0.030 51.700
0.016 0.155 0.035 -0.004 -0.040 0.030 51.710
0.016 0.168 0.036 -0.004 -0.040 0.030 51.720
0.016 0.164 0.034 -0.004 -0.040 0.030 51.730
0.016 0.150 0.035 -0.004 -0.040 0.030 51.740
0.016 0.116 0.036 -0.004 -0.040 0.030 51.750
0.013 0.051 0.033 -0.004 -0.040 0.030 51.759
0.013 -0.029 0.033 -0.004 -0.040 0.030 51.770
0.012 -0.110 0.033 -0.004 -0.040 0.030 51.780
0.011 -0.187 0.031 -0.004 -0.040 0.030 51.790
0.009 -0.248 0.029 -0.004 -0.040 0.030 51.800
0.008 -0.287 0.030 -0.004 -0.040 0.030 51.810
0.007 -0.301 0.031 -0.004 -0.040 0.030 51.820
0.007 -0.296 0.032 -0.004 -0.040 0.030 51.830
0.008 -0.263 0.029 -0.004 -0.040 0.030 51.840
0.009 -0.210 0.029 -0.004 -0.040 0.030 51.850
0.011 -0.146 0.031 -0.004 -0.040 0.030 51.859
0.012 -0.074 0.032 -0.004 -0.040 0.030 51.870
0.013 0.001 0.034 -0.004 -0.040 0.030 51.880
0.015 0.065 0.034 -0.004 -0.040 0.030 51.890
0.015 0.120 0.034 -0.004 -0.040 0.030 51.900
0.016 0.159 0.035 -0.004 -0.040 0.030 51.910
0.016 0.171 0.036 -0.004 -0.040 0.030 51.920
0.016 0.168 0.034 -0.004 -0.040 0.030 51.930
0.016 0.153 0.035 -0.004 -0.040 0.030 51.940
0.016 0.117 0.036 -0.004 -0.040 0.030 51.950
0.013 0.051 0.033 -0.004 -0.040 0.030 51.959
0.013 -0.031 0.033 -0.004 -0.040 0.030 51.970
0.012 -0.113 0.033 -0.004 -0.040 0.030 51.980
0.011 -0.191 0.031 -0.004 -0.040 0.030 51.990
0.009 -0.252 0.029 -0.004 -0.040 0.030 52.000
0.008 -0.292 0.030 -0.004 -0.040 0.030 52.010
0.007 -0.306 0.030 -0.004 -0.040 0.030 52.020
0.007 -0.302 0.032 -0.004 -0.040 0.030 52.030
0.009 -0.269 0.029 -0.004 -0.040 0.030 52.040
0.009 -0.216 0.029 -0.004 -0.040 0.030 52.050
0.011 -0.152 0.031 -0.004 -0.040 0.030 52.058
0.012 -0.080 0.032 -0.004 -0.040 0.030 52.070
0.013 -0.005 0.034 -0.004 -0.040 0.030 52.080
0.015 0.061 0.034 -0.004 -0.040 0.030 52.090
0.015 0.118 0.033 -0.004 -0.040 0.030 52.100
0.016 0.159 0.035 -0.004 -0.040 0.030 52.111
0.017 0.174 0.037 -0.004 -0.040 0.030 52.122
0.016 0.172 0.034 -0.004 -0.040 0.030 52.133
0.016 0.158 0.035 -0.004 -0.040 0.030 52.144
0.016 0.126 0.036 -0.004 -0.040 0.030 52.154
0.014 0.061 0.034 -0.004 -0.040 0.030 52.164
0.013 -0.020 0.033 -0.004 -0.040 0.030 52.174
0.012 -0.103 0.033 -0.004 -0.040 0.030 52.184
0.011 -0.185 0.031 -0.004 -0.040 0.030 52.194
0.009 -0.255 0.029 -0.004 -0.040 0.030 52.204
0.007 -0.308 0.030 -0.004 -0.040 0.030 52.214
0.007 -0.339 0.030 -0.004 -0.040 0.030 52.224
0.007 -0.345 0.031 -0.004 -0.040 0.030 52.234
0.007 -0.328 0.030 -0.004 -0.040 0.030 52.244
0.008 -0.283 0.028 -0.004 -0.040 0.030 52.254
0.009 -0.222 0.031 -0.004 -0.040 0.030 52.264
0.011 -0.157 0.032 -0.004 -0.040 0.030 52.274
0.012 -0.082 0.032 -0.004 -0.040 0.030 52.284
0.014 -0.002 0.033 -0.004 -0.040 0.030 52.294
0.015 0.070 0.033 -0.004 -0.040 0.030 52.304
0.016 0.136 0.034 -0.004 -0.040 0.030 52.314
0.017 0.189 0.036 -0.004 -0.040 0.030 52.324
0.018 0.218 0.037 -0.004 -0.040 0.030 52.334
0.017 0.223 0.036 -0.004 -0.040 0.030 52.344
0.018 0.215 0.035 -0.004 -0.040 0.030 52.354
0.017 0.187 0.036 -0.004 -0.040 0.030 52.364
0.015 0.122 0.036 -0.004 -0.040 0.030 52.374
0.014 0.036 0.033 -0.004 -0.040 0.030 52.384
0.013 -0.056 0.033 -0.004 -0.040 0.030 52.394
0.013 -0.147 0.032 -0.004 -0.040 0.030 52.404
0.010 -0.234 0.029 -0.004 -0.040 0.030 52.414
0.008 -0.313 0.030 -0.004 -0.040 0.030 52.424
0.007 -0.371 0.030 -0.004 -0.040 0.030 52.434
0.006 -0.392 0.030 -0.004 -0.040 0.030 52.444
0.006 -0.387 0.031 -0.004 -0.040 0.030 52.454
0.007 -0.353 0.028 -0.004 -0.040 0.030 52.464
0.008 -0.294 0.029 -0.004 -0.040 0.030 52.474
0.010 -0.231 0.033 -0.004 -0.040 0.030 52.484
0.011 -0.162 0.031 -0.004 -0.040 0.030 52.494
0.012 -0.084 0.032 -0.004 -0.040 0.030 52.504
0.014 -0.003 0.033 -0.004 -0.040 0.030 52.514
0.015 0.070 0.033 -0.004 -0.040 0.030 52.524
0.016 0.140 0.034 -0.004 -0.040 0.030 52.534
0.018 0.196 0.036 -0.004 -0.040 0.030 52.544
0.018 0.227 0.036 -0.004 -0.040 0.030 52.554
0.018 0.233 0.036 -0.004 -0.040 0.030 52.564
0.018 0.224 0.035 -0.004 -0.040 0.030 52.574
0.018 0.197 0.036 -0.004 -0.040 0.030 52.584
0.016 0.134 0.036 -0.004 -0.040 0.030 52.594
0.014 0.048 0.033 -0.004 -0.040 0.030 52.604
0.014 -0.046 0.033 -0.004 -0.040 0.030 52.614
0.013 -0.138 0.032 -0.004 -0.040 0.030 52.624
0.010 -0.227 0.030 -0.004 -0.040 0.030 52.634
0.008 -0.309 0.030 -0.004 -0.040 0.030 52.644
0.007 -0.369 0.030 -0.004 -0.040 0.030 52.654
0.006 -0.395 0.030 -0.004 -0.040 0.030 52.664
0.007 -0.394 0.031 -0.004 -0.040 0.030 52.674
0.007 -0.365 0.027 -0.004 -0.040 0.030 52.684
0.008 -0.309 0.029 -0.004 -0.040 0.030 52.694
0.009 -0.244 0.033 -0.004 -0.040 0.030 52.704
0.011 -0.178 0.031 -0.004 -0.040 0.030 52.714
0.012 -0.101 0.032 -0.004 -0.040 0.030 52.724
0.014 -0.019 0.033 -0.004 -0.040 0.030 52.734
0.015 0.055 0.033 -0.004 -0.040 0.030 52.744
0.016 0.126 0.034 -0.004 -0.040 0.030 52.754
0.018 0.187 0.036 -0.004 -0.040 0.030 52.764
0.018 0.223 0.036 -0.004 -0.040 0.030 52.774
0.018 0.232 0.036 -0.004 -0.040 0.030 52.784
0.019 0.226 0.035 -0.004 -0.040 0.030 52.794
0.018 0.206 0.036 -0.004 -0.040 0.030 52.804
0.017 0.152 0.037 -0.004 -0.040 0.030 52.814
0.015 0.069 0.034 -0.004 -0.040 0.030 52.824
0.015 -0.025 0.033 -0.004 -0.040 0.030 52.834
0.014 -0.117 0.032 -0.004 -0.040 0.030 52.844
0.012 -0.207 0.031 -0.004 -0.040 0.030 52.854
0.009 -0.292 0.030 -0.004 -0.040 0.030 52.864
0.007 -0.360 0.030 -0.004 -0.040 0.030 52.874
0.007 -0.398 0.030 -0.004 -0.040 0.030 52.884
0.007 -0.405 0.030 -0.004 -0.040 0.030 52.894
0.007 -0.384 0.029 -0.004 -0.040 0.030 52.904
0.009 -0.332 0.029 -0.004 -0.040 0.030 52.914
0.009 -0.266 0.032 -0.004 -0.040 0.030 52.924
0.011 -0.202 0.032 -0.004 -0.040 0.030 52.934
0.012 -0.128 0.031 -0.004 -0.040 0.030 52.944
0.014 -0.046 0.033 -0.004 -0.040 0.030 52.954
0.016 0.032 0.033 -0.004 -0.040 0.030 52.964
0.017 0.105 0.033 -0.004 -0.040 0.030 52.974
0.018 0.172 0.036 -0.004 -0.040 0.030 52.984
0.018 0.220 0.036 -0.004 -0.040 0.030 52.994
0.019 0.240 0.036 -0.004 -0.040 0.030 53.004
0.019 0.239 0.036 -0.004 -0.040 0.030 53.013
0.020 0.224 0.036 -0.004 -0.040 0.030 53.023
0.018 0.185 0.037 -0.004 -0.040 0.030 53.033
0.016 0.110 0.035 -0.004 -0.040 0.030 53.043
0.015 0.018 0.032 -0.004 -0.040 0.030 53.053
0.015 -0.076 0.033 -0.004 -0.040 0.030 53.063
0.013 -0.167 0.031 -0.004 -0.040 0.030 53.073
0.010 -0.255 0.030 -0.004 -0.040 0.030 53.083
0.008 -0.331 0.030 -0.004 -0.040 0.030 53.093
0.007 -0.382 0.030 -0.004 -0.040 0.030 53.103
0.008 -0.401 0.030 -0.004 -0.040 0.030 53.113
0.007 -0.394 0.030 -0.004 -0.040 0.030 53.123
0.008 -0.352 0.028 -0.004 -0.040 0.030 53.133
0.009 -0.290 0.031 -0.004 -0.040 0.030 53.143
0.011 -0.228 0.033 -0.004 -0.040 0.030 53.153
0.012 -0.159 0.031 -0.004 -0.040 0.030 53.163
0.013 -0.079 0.032 -0.004 -0.040 0.030 53.173
0.015 0.001 0.033 -0.004 -0.040 0.030 53.183
0.016 0.074 0.033 -0.004 -0.040 0.030 53.193
0.018 0.144 0.035 -0.004 -0.040 0.030 53.203
0.019 0.200 0.036 -0.004 -0.040 0.030 53.213
0.019 0.231 0.036 -0.004 -0.040 0.030 53.223
0.019 0.236 0.036 -0.004 -0.040 0.030 53.233
0.020 0.227 0.036 -0.004 -0.040 0.030 53.243
0.019 0.201 0.037 -0.004 -0.040 0.030 53.253
0.017 0.139 0.037 -0.004 -0.040 0.030 53.263
0.015 0.053 0.033 -0.004 -0.040 0.030 53.273
0.015 -0.043 0.033 -0.004 -0.040 0.030 53.283
0.014 -0.134 0.032 -0.004 -0.040 0.030 53.293
0.012 -0.224 0.031 -0.004 -0.040 0.030 53.303
0.009 -0.307 0.030 -0.004 -0.040 0.030 53.313
0.007 -0.374 0.031 -0.004 -0.040 0.030 53.323
0.007 -0.425 0.031 -0.004 -0.040 0.030 53.333
0.008 -0.440 0.029 -0.004 -0.040 0.030 53.343
0.007 -0.419 0.029 -0.004 -0.040 0.030 53.353
0.008 -0.366 0.030 -0.004 -0.040 0.030 53.363
0.009 -0.301 0.032 -0.004 -0.040 0.030 53.373
0.011 -0.237 0.032 -0.004 -0.040 0.030 53.383
0.012 -0.164 0.031 -0.004 -0.040 0.030 53.393
0.013 -0.084 0.031 -0.004 -0.040 0.030 53.403
0.017 0.074 0.034 -0.004 -0.040 0.030 53.413
0.017 0.074 0.034 -0.004 -0.040 0.030 53.423
0.019 0.206 0.036 -0.004 -0.040 0.030 53.433
0.019 0.240 0.036 -0.004 -0.040 0.030 53.443
0.019 0.245 0.036 -0.004 -0.040 0.030 53.453
0.020 0.237 0.036 -0.004 -0.040 0.030 53.463
0.020 0.212 0.037 -0.004 -0.040 0.030 53.473
0.018 0.151 0.037 -0.004 -0.040 0.030 53.483
0.015 0.064 0.032 -0.004 -0.040 0.030 53.493
0.015 -0.033 0.033 -0.004 -0.040 0.030 53.503
0.015 -0.127 0.032 -0.004 -0.040 0.030 53.513
0.011 -0.217 0.031 -0.004 -0.040 0.030 53.523
0.009 -0.299 0.030 -0.004 -0.040 0.030 53.533
0.008 -0.365 0.030 -0.004 -0.040 0.030 53.543
0.008 -0.405 0.030 -0.004 -0.040 0.030 53.553
0.008 -0.412 0.030 -0.004 -0.040 0.030 53.563
0.007 -0.391 0.029 -0.004 -0.040 0.030 53.573
0.009 -0.339 0.029 -0.004 -0.040 0.030 53.583
0.010 -0.274 0.032 -0.004 -0.040 0.030 53.593
0.011 -0.211 0.032 -0.004 -0.040 0.030 53.603
0.012 -0.138 0.031 -0.004 -0.040 0.030 53.613
0.014 -0.056 0.032 -0.004 -0.040 0.030 53.623
0.016 0.021 0.033 -0.004 -0.040 0.030 53.633
0.017 0.095 0.033 -0.004 -0.040 0.030 53.643
0.018 0.165 0.036 -0.004 -0.040 0.030 53.653
0.019 0.217 0.036 -0.004 -0.040 0.030 53.663
0.019 0.242 0.036 -0.004 -0.040 0.030 53.673
0.019 0.243 0.036 -0.004 -0.040 0.030 53.683
0.020 0.232 0.036 -0.004 -0.040 0.030 53.693
0.019 0.201 0.037 -0.004 -0.040 0.030 53.703
0.016 0.133 0.036 -0.004 -0.040 0.030 53.713
0.015 0.044 0.032 -0.004 -0.040 0.030 53.723
0.015 -0.052 0.033 -0.004 -0.040 0.030 53.733
0.013 -0.144 0.032 -0.004 -0.040 0.030 53.743
0.010 -0.234 0.031 -0.004 -0.040 0.030 53.753
0.008 -0.317 0.030 -0.004 -0.040 0.030 53.763
0.007 -0.379 0.029 -0.004 -0.040 0.030 53.773
0.007 -0.410 0.030 -0.004 -0.040 0.030 53.783
0.006 -0.410 0.031 -0.004 -0.040 0.030 53.793
0.006 -0.380 0.029 -0.004 -0.040 0.030 53.803
0.008 -0.326 0.030 -0.004 -0.040 0.030 53.813
0.009 -0.262 0.032 -0.004 -0.040 0.030 53.823
0.011 -0.197 0.031 -0.004 -0.040 0.030 53.833
0.011 -0.120 0.031 -0.004 -0.040 0.030 53.843
0.013 -0.038 0.033 -0.004 -0.040 0.030 53.853
0.015 0.038 0.033 -0.004 -0.040 0.030 53.863
0.016 0.113 0.034 -0.004 -0.040 0.030 53.873
0.017 0.179 0.035 -0.004 -0.040 0.030 53.883
0.017 0.230 0.035 -0.004 -0.040 0.030 53.893
0.018 0.262 0.036 -0.004 -0.040 0.030 53.903
0.019 0.266 0.038 -0.004 -0.040 0.030 53.913
0.019 0.255 0.036 -0.004 -0.040 0.030 53.923
0.018 0.220 0.038 -0.004 -0.040 0.030 53.933
0.016 0.146 0.036 -0.004 -0.040 0.030 53.943
0.015 0.054 0.032 -0.004 -0.040 0.030 53.953
0.014 -0.043 0.033 -0.004 -0.040 0.030 53.963
0.013 -0.137 0.032 -0.004 -0.040 0.030 53.973
0.009 -0.227 0.031 -0.004 -0.040 0.030 53.983
0.008 -0.308 0.030 -0.004 -0.040 0.030 53.993
0.007 -0.373 0.030 -0.004 -0.040 0.030 54.003
0.007 -0.412 0.030 -0.004 -0.040 0.030 54.013
0.006 -0.416 0.030 -0.004 -0.040 0.030 54.023
0.006 -0.390 0.029 -0.004 -0.040 0.030 54.033
0.007 -0.337 0.030 -0.004 -0.040 0.030 54.043
0.008 -0.273 0.032 -0.004 -0.040 0.030 54.053
0.010 -0.210 0.031 -0.004 -0.040 0.030 54.063
0.011 -0.135 0.031 -0.004 -0.040 0.030 54.073
0.013 -0.053 0.033 -0.004 -0.040 0.030 54.083
0.015 0.024 0.033 -0.004 -0.040 0.030 54.093
0.016 0.100 0.034 -0.004 -0.040 0.030 54.103
0.017 0.170 0.035 -0.004 -0.040 0.030 54.113
0.017 0.222 0.035 -0.004 -0.040 0.030 54.123
0.018 0.250 0.036 -0.004 -0.040 0.030 54.133
0.019 0.253 0.037 -0.004 -0.040 0.030 54.143
0.019 0.243 0.036 -0.004 -0.040 0.030 54.153
0.018 0.213 0.037 -0.004 -0.040 0.030 54.163
0.016 0.144 0.036 -0.004 -0.040 0.030 54.173
0.014 0.054 0.032 -0.004 -0.040 0.030 54.183
0.014 -0.042 0.033 -0.004 -0.040 0.030 54.193
0.013 -0.136 0.032 -0.004 -0.040 0.030 54.203
0.010 -0.225 0.030 -0.004 -0.040 0.030 54.213
0.007 -0.309 0.030 -0.004 -0.040 0.030 54.223
0.007 -0.380 0.031 -0.004 -0.040 0.030 54.233
0.006 -0.438 0.031 -0.004 -0.040 0.030 54.243
0.006 -0.458 0.028 -0.004 -0.040 0.030 54.253
0.005 -0.443 0.029 -0.004 -0.040 0.030 54.263
0.007 -0.395 0.029 -0.004 -0.040 0.030 54.273
0.008 -0.333 0.032 -0.004 -0.040 0.030 54.283
0.009 -0.267 0.032 -0.004 -0.040 0.030 54.293
0.010 -0.196 0.031 -0.004 -0.040 0.030 54.303
0.012 -0.118 0.031 -0.004 -0.040 0.030 54.313
0.014 -0.036 0.032 -0.004 -0.040 0.030 54.323
0.015 0.042 0.034 -0.004 -0.040 0.030 54.333
0.016 0.119 0.034 -0.004 -0.040 0.030 54.343
0.017 0.187 0.035 -0.004 -0.040 0.030 54.353
0.018 0.234 0.036 -0.004 -0.040 0.030 54.363
0.018 0.254 0.036 -0.004 -0.040 0.030 54.373
0.019 0.252 0.036 -0.004 -0.040 0.030 54.383
0.019 0.239 0.036 -0.004 -0.040 0.030 54.393
0.018 0.200 0.037 -0.004 -0.040 0.030 54.403
0.015 0.122 0.034 -0.004 -0.040 0.030 54.413
0.015 0.028 0.033 -0.004 -0.040 0.030 54.423
0.014 -0.067 0.033 -0.004 -0.040 0.030 54.433
0.012 -0.160 0.031 -0.004 -0.040 0.030 54.443
0.009 -0.248 0.030 -0.004 -0.040 0.030 54.453
0.007 -0.331 0.030 -0.004 -0.040 0.030 54.463
0.007 -0.394 0.030 -0.004 -0.040 0.030 54.473
0.006 -0.425 0.030 -0.004 -0.040 0.030 54.483
0.006 -0.424 0.030 -0.004 -0.040 0.030 54.493
0.006 -0.394 0.028 -0.004 -0.040 0.030 54.503
0.008 -0.338 0.030 -0.004 -0.040 0.030 54.513
0.009 -0.274 0.033 -0.004 -0.040 0.030 54.523
0.010 -0.209 0.031 -0.004 -0.040 0.030 54.533
0.011 -0.132 0.031 -0.004 -0.040 0.030 54.543
0.013 -0.050 0.032 -0.004 -0.040 0.030 54.553
0.015 0.028 0.033 -0.004 -0.040 0.030 54.563
0.016 0.105 0.034 -0.004 -0.040 0.030 54.573
0.017 0.175 0.035 -0.004 -0.040 0.030 54.583
0.018 0.228 0.035 -0.004 -0.040 0.030 54.593
0.018 0.256 0.036 -0.004 -0.040 0.030 54.603
0.019 0.259 0.037 -0.004 -0.040 0.030 54.613
0.019 0.248 0.036 -0.004 -0.040 0.030 54.623
0.018 0.215 0.037 -0.004 -0.040 0.030 54.633
0.016 0.144 0.036 -0.004 -0.040 0.030 54.643
0.015 0.053 0.033 -0.004 -0.040 0.030 54.653
0.014 -0.043 0.033 -0.004 -0.040 0.030 54.663
0.013 -0.138 0.031 -0.004 -0.040 0.030 54.673
0.010 -0.228 0.030 -0.004 -0.040 0.030 54.683
0.008 -0.310 0.030 -0.004 -0.040 0.030 54.693
0.007 -0.378 0.030 -0.004 -0.040 0.030 54.703
0.006 -0.418 0.030 -0.004 -0.040 0.030 54.713
0.006 -0.423 0.030 -0.004 -0.040 0.030 54.723
0.006 -0.399 0.029 -0.004 -0.040 0.030 54.733
0.008 -0.347 0.030 -0.004 -0.040 0.030 54.743
0.008 -0.283 0.032 -0.004 -0.040 0.030 54.753
0.010 -0.219 0.032 -0.004 -0.040 0.030 54.763
0.011 -0.145 0.031 -0.004 -0.040 0.030 54.773
0.013 -0.064 0.032 -0.004 -0.040 0.030 54.783
0.014 0.015 0.033 -0.004 -0.040 0.030 54.793
0.016 0.092 0.034 -0.004 -0.040 0.030 54.803
0.017 0.164 0.035 -0.004 -0.040 0.030 54.813
0.017 0.220 0.035 -0.004 -0.040 0.030 54.823
0.018 0.252 0.036 -0.004 -0.040 0.030 54.833
0.018 0.257 0.037 -0.004 -0.040 0.030 54.843
0.019 0.248 0.036 -0.004 -0.040 0.030 54.853
