-0.002 -0.037 0.038 -0.002 -0.037 0.038 26.677
-0.002 -0.037 0.038 -0.002 -0.037 0.038 26.687
-0.002 -0.037 0.038 -0.002 -0.037 0.038 26.700
-0.002 -0.037 0.038 -0.002 -0.037 0.038 26.710
-0.002 -0.037 0.038 -0.002 -0.037 0.038 26.720
-0.002 -0.037 0.038 -0.002 -0.037 0.038 26.729
-0.002 -0.037 0.038 -0.002 -0.037 0.038 26.737
-0.002 -0.037 0.038 -0.002 -0.037 0.038 26.750
-0.002 -0.037 0.038 -0.002 -0.037 0.038 26.760
-0.002 -0.037 0.038 -0.002 -0.037 0.038 26.770
-0.002 -0.037 0.038 -0.002 -0.037 0.038 26.780
-0.002 -0.037 0.038 -0.002 -0.037 0.038 26.790
-0.002 -0.037 0.038 -0.002 -0.037 0.038 26.800
-0.002 -0.037 0.038 -0.002 -0.037 0.038 26.810
-0.002 -0.037 0.038 -0.002 -0.037 0.038 26.820
-0.002 -0.037 0.038 -0.002 -0.037 0.038 26.828
-0.002 -0.037 0.038 -0.002 -0.037 0.038 26.840
-0.002 -0.037 0.038 -0.002 -0.037 0.038 26.850
-0.002 -0.037 0.038 -0.002 -0.037 0.038 26.860
-0.002 -0.037 0.038 -0.002 -0.037 0.038 26.870
-0.002 -0.037 0.038 -0.002 -0.037 0.038 26.879
-0.002 -0.037 0.038 -0.002 -0.037 0.038 26.890
-0.002 -0.037 0.038 -0.002 -0.037 0.038 26.900
-0.002 -0.037 0.038 -0.002 -0.037 0.038 26.910
-0.002 -0.037 0.038 -0.002 -0.037 0.038 26.919
-0.002 -0.037 0.038 -0.002 -0.037 0.038 26.928
-0.002 -0.037 0.038 -0.002 -0.037 0.038 26.940
-0.002 -0.037 0.038 -0.002 -0.037 0.038 26.949
-0.002 -0.037 0.038 -0.002 -0.037 0.038 26.960
-0.002 -0.037 0.038 -0.002 -0.037 0.038 26.970
-0.002 -0.037 0.038 -0.002 -0.037 0.038 26.980
-0.002 -0.037 0.038 -0.002 -0.037 0.038 26.990
-0.002 -0.037 0.038 -0.002 -0.037 0.038 27.000
-0.002 -0.037 0.038 -0.002 -0.037 0.038 27.010
-0.002 -0.037 0.038 -0.002 -0.037 0.038 27.018
-0.002 -0.037 0.038 -0.002 -0.037 0.038 27.031
-0.002 -0.037 0.038 -0.002 -0.037 0.038 27.042
-0.002 -0.037 0.038 -0.002 -0.037 0.038 27.054
-0.002 -0.037 0.038 -0.002 -0.037 0.038 27.065
-0.002 -0.037 0.038 -0.002 -0.037 0.038 27.075
-0.002 -0.037 0.038 -0.002 -0.037 0.038 27.085
-0.002 -0.037 0.038 -0.002 -0.037 0.038 27.095
-0.002 -0.037 0.038 -0.002 -0.037 0.038 27.105
-0.002 -0.037 0.038 -0.002 -0.037 0.038 27.115
-0.002 -0.037 0.038 -0.002 -0.037 0.038 27.125
-0.002 -0.037 0.038 -0.002 -0.037 0.038 27.135
-0.002 -0.037 0.038 -0.002 -0.037 0.038 27.145
-0.002 -0.037 0.038 -0.002 -0.037 0.038 27.155
-0.002 -0.037 0.038 -0.002 -0.037 0.038 27.165
-0.002 -0.037 0.038 -0.002 -0.037 0.038 27.175
-0.002 -0.037 0.038 -0.002 -0.037 0.038 27.185
-0.002 -0.037 0.038 -0.002 -0.037 0.038 27.195
-0.002 -0.037 0.038 -0.002 -0.037 0.038 27.205
-0.002 -0.037 0.038 -0.002 -0.037 0.038 27.215
-0.002 -0.037 0.038 -0.002 -0.037 0.038 27.225
-0.002 -0.037 0.038 -0.002 -0.037 0.038 27.235
-0.002 -0.037 0.038 -0.002 -0.037 0.038 27.245
-0.002 -0.037 0.038 -0.002 -0.037 0.038 27.255
-0.002 -0.037 0.038 -0.002 -0.037 0.038 27.265
-0.002 -0.037 0.038 -0.002 -0.037 0.038 27.275
-0.002 -0.037 0.038 -0.002 -0.037 0.038 27.285
-0.002 -0.037 0.038 -0.002 -0.037 0.038 27.295
-0.002 -0.037 0.038 -0.002 -0.037 0.038 27.305
-0.002 -0.037 0.038 -0.002 -0.037 0.038 27.315
-0.002 -0.037 0.038 -0.002 -0.037 0.038 27.325
-0.002 -0.037 0.038 -0.002 -0.037 0.038 27.335
-0.002 -0.037 0.038 -0.002 -0.037 0.038 27.345
-0.002 -0.037 0.038 -0.002 -0.037 0.038 27.355
-0.002 -0.037 0.038 -0.002 -0.037 0.038 27.365
-0.002 -0.037 0.038 -0.002 -0.037 0.038 27.375
-0.002 -0.037 0.038 -0.002 -0.037 0.038 27.385
-0.002 -0.037 0.038 -0.002 -0.037 0.038 27.395
-0.002 -0.037 0.038 -0.002 -0.037 0.038 27.405
-0.002 -0.037 0.038 -0.002 -0.037 0.038 27.415
-0.002 -0.037 0.038 -0.002 -0.037 0.038 27.425
-0.002 -0.037 0.038 -0.002 -0.037 0.038 27.435
-0.002 -0.037 0.038 -0.002 -0.037 0.038 27.445
-0.002 -0.037 0.038 -0.002 -0.037 0.038 27.455
-0.002 -0.037 0.038 -0.002 -0.037 0.038 27.465
-0.002 -0.037 0.038 -0.002 -0.037 0.038 27.474
-0.002 -0.037 0.038 -0.002 -0.037 0.038 27.484
-0.002 -0.037 0.038 -0.002 -0.037 0.038 27.494
-0.002 -0.037 0.038 -0.002 -0.037 0.038 27.504
-0.002 -0.037 0.038 -0.002 -0.037 0.038 27.514
-0.002 -0.037 0.038 -0.002 -0.037 0.038 27.524
-0.002 -0.037 0.038 -0.002 -0.037 0.038 27.534
-0.002 -0.037 0.038 -0.002 -0.037 0.038 27.544
-0.002 -0.037 0.038 -0.002 -0.037 0.038 27.554
-0.002 -0.037 0.038 -0.002 -0.037 0.038 27.564
-0.002 -0.037 0.038 -0.002 -0.037 0.038 27.574
-0.002 -0.037 0.039 -0.002 -0.037 0.038 27.584
-0.002 -0.037 0.039 -0.002 -0.037 0.038 27.594
-0.002 -0.037 0.039 -0.002 -0.037 0.038 27.604
-0.002 -0.037 0.039 -0.002 -0.037 0.038 27.614
-0.002 -0.037 0.039 -0.002 -0.037 0.038 27.624
-0.002 -0.037 0.039 -0.002 -0.037 0.038 27.634
-0.002 -0.037 0.039 -0.002 -0.037 0.038 27.644
-0.002 -0.037 0.039 -0.002 -0.037 0.038 27.654
-0.002 -0.037 0.039 -0.002 -0.037 0.038 27.664
-0.002 -0.037 0.039 -0.002 -0.037 0.038 27.674
-0.002 -0.037 0.039 -0.002 -0.037 0.038 27.684
-0.003 -0.037 0.039 -0.002 -0.037 0.038 27.694
-0.005 -0.037 0.040 -0.002 -0.037 0.038 27.704
-0.008 -0.037 0.045 -0.002 -0.037 0.038 27.714
-0.011 -0.038 0.052 -0.002 -0.037 0.038 27.724
-0.015 -0.038 0.059 -0.002 -0.037 0.038 27.734
-0.017 -0.038 0.068 -0.002 -0.037 0.038 27.744
-0.017 -0.039 0.080 -0.002 -0.037 0.038 27.754
-0.018 -0.040 0.095 -0.002 -0.037 0.038 27.764
-0.018 -0.041 0.112 -0.002 -0.037 0.038 27.774
-0.018 -0.042 0.130 -0.002 -0.037 0.038 27.784
-0.018 -0.043 0.148 -0.002 -0.037 0.038 27.794
-0.018 -0.045 0.167 -0.002 -0.037 0.038 27.804
-0.017 -0.046 0.185 -0.002 -0.037 0.038 27.814
-0.016 -0.047 0.200 -0.002 -0.037 0.038 27.824
-0.016 -0.048 0.204 -0.002 -0.037 0.038 27.834
-0.015 -0.049 0.199 -0.002 -0.037 0.038 27.844
-0.016 -0.049 0.149 -0.002 -0.037 0.038 27.854
-0.017 -0.049 0.109 -0.002 -0.037 0.038 27.864
-0.018 -0.049 0.059 -0.002 -0.037 0.038 27.874
-0.019 -0.048 0.005 -0.002 -0.037 0.038 27.884
-0.020 -0.048 -0.049 -0.002 -0.037 0.038 27.894
-0.021 -0.048 -0.098 -0.002 -0.037 0.038 27.904
-0.022 -0.046 -0.146 -0.002 -0.037 0.038 27.914
-0.024 -0.046 -0.184 -0.002 -0.037 0.038 27.924
-0.026 -0.045 -0.207 -0.002 -0.037 0.038 27.934
-0.028 -0.044 -0.223 -0.002 -0.037 0.038 27.944
-0.029 -0.043 -0.228 -0.002 -0.037 0.038 27.954
-0.029 -0.042 -0.208 -0.002 -0.037 0.038 27.964
-0.027 -0.042 -0.163 -0.002 -0.037 0.038 27.974
-0.026 -0.042 -0.105 -0.002 -0.037 0.038 27.984
-0.025 -0.041 -0.036 -0.002 -0.037 0.038 27.994
-0.024 -0.040 0.034 -0.002 -0.037 0.038 28.004
-0.023 -0.040 0.113 -0.002 -0.037 0.038 28.014
-0.021 -0.040 0.193 -0.002 -0.037 0.038 28.024
-0.020 -0.040 0.264 -0.002 -0.037 0.038 28.034
-0.020 -0.040 0.320 -0.002 -0.037 0.038 28.044
-0.020 -0.041 0.360 -0.002 -0.037 0.038 28.054
-0.019 -0.041 0.374 -0.002 -0.037 0.038 28.064
-0.019 -0.041 0.377 -0.002 -0.037 0.038 28.074
-0.020 -0.042 0.368 -0.002 -0.037 0.038 28.084
-0.020 -0.042 0.312 -0.002 -0.037 0.038 28.094
-0.020 -0.042 0.239 -0.002 -0.037 0.038 28.104
-0.020 -0.043 0.160 -0.002 -0.037 0.038 28.114
-0.020 -0.043 0.082 -0.002 -0.037 0.038 28.124
-0.021 -0.043 -0.001 -0.002 -0.037 0.038 28.134
-0.023 -0.042 -0.088 -0.002 -0.037 0.038 28.144
-0.024 -0.042 -0.169 -0.002 -0.037 0.038 28.154
-0.025 -0.043 -0.238 -0.002 -0.037 0.038 28.164
-0.025 -0.043 -0.292 -0.002 -0.037 0.038 28.174
-0.025 -0.043 -0.315 -0.002 -0.037 0.038 28.184
-0.025 -0.043 -0.317 -0.002 -0.037 0.038 28.194
-0.025 -0.042 -0.305 -0.002 -0.037 0.038 28.204
-0.024 -0.042 -0.256 -0.002 -0.037 0.038 28.214
-0.023 -0.042 -0.192 -0.002 -0.037 0.038 28.224
-0.022 -0.042 -0.117 -0.002 -0.037 0.038 28.234
-0.021 -0.042 -0.039 -0.002 -0.037 0.038 28.244
-0.020 -0.041 0.039 -0.002 -0.037 0.038 28.254
-0.019 -0.041 0.121 -0.002 -0.037 0.038 28.264
-0.018 -0.041 0.206 -0.002 -0.037 0.038 28.274
-0.017 -0.042 0.281 -0.002 -0.037 0.038 28.284
-0.017 -0.042 0.342 -0.002 -0.037 0.038 28.294
-0.016 -0.042 0.390 -0.002 -0.037 0.038 28.304
-0.016 -0.042 0.407 -0.002 -0.037 0.038 28.314
-0.016 -0.042 0.407 -0.002 -0.037 0.038 28.324
-0.016 -0.042 0.396 -0.002 -0.037 0.038 28.334
-0.016 -0.041 0.340 -0.002 -0.037 0.038 28.344
-0.017 -0.041 0.262 -0.002 -0.037 0.038 28.354
-0.018 -0.042 0.175 -0.002 -0.037 0.038 28.364
-0.019 -0.041 0.088 -0.002 -0.037 0.038 28.374
-0.020 -0.041 0.002 -0.002 -0.037 0.038 28.384
-0.021 -0.041 -0.089 -0.002 -0.037 0.038 28.394
-0.022 -0.041 -0.180 -0.002 -0.037 0.038 28.404
-0.022 -0.041 -0.255 -0.002 -0.037 0.038 28.414
-0.022 -0.040 -0.318 -0.002 -0.037 0.038 28.424
-0.022 -0.041 -0.350 -0.002 -0.037 0.038 28.434
-0.022 -0.040 -0.356 -0.002 -0.037 0.038 28.444
-0.022 -0.040 -0.346 -0.002 -0.037 0.038 28.454
-0.021 -0.039 -0.301 -0.002 -0.037 0.038 28.464
-0.020 -0.040 -0.237 -0.002 -0.037 0.038 28.474
-0.019 -0.039 -0.165 -0.002 -0.037 0.038 28.484
-0.018 -0.039 -0.087 -0.002 -0.037 0.038 28.494
-0.017 -0.038 -0.011 -0.002 -0.037 0.038 28.504
-0.016 -0.039 0.071 -0.002 -0.037 0.038 28.514
-0.014 -0.039 0.157 -0.002 -0.037 0.038 28.524
-0.013 -0.039 0.236 -0.002 -0.037 0.038 28.534
-0.013 -0.038 0.304 -0.002 -0.037 0.038 28.544
-0.012 -0.039 0.357 -0.002 -0.037 0.038 28.554
-0.011 -0.039 0.383 -0.002 -0.037 0.038 28.564
-0.011 -0.039 0.384 -0.002 -0.037 0.038 28.574
-0.010 -0.039 0.383 -0.002 -0.037 0.038 28.584
-0.010 -0.039 0.353 -0.002 -0.037 0.038 28.594
-0.011 -0.039 0.287 -0.002 -0.037 0.038 28.604
-0.012 -0.038 0.206 -0.002 -0.037 0.038 28.614
-0.012 -0.039 0.122 -0.002 -0.037 0.038 28.624
-0.013 -0.039 0.037 -0.002 -0.037 0.038 28.634
-0.014 -0.039 -0.046 -0.002 -0.037 0.038 28.644
-0.015 -0.039 -0.134 -0.002 -0.037 0.038 28.654
-0.016 -0.039 -0.219 -0.002 -0.037 0.038 28.664
-0.016 -0.040 -0.284 -0.002 -0.037 0.038 28.674
-0.017 -0.040 -0.342 -0.002 -0.037 0.038 28.684
-0.017 -0.040 -0.365 -0.002 -0.037 0.038 28.694
-0.017 -0.040 -0.365 -0.002 -0.037 0.038 28.704
-0.016 -0.040 -0.342 -0.002 -0.037 0.038 28.714
-0.016 -0.040 -0.287 -0.002 -0.037 0.038 28.724
-0.014 -0.040 -0.214 -0.002 -0.037 0.038 28.734
-0.013 -0.040 -0.137 -0.002 -0.037 0.038 28.744
-0.012 -0.039 -0.057 -0.002 -0.037 0.038 28.754
-0.010 -0.039 0.024 -0.002 -0.037 0.038 28.764
-0.009 -0.039 0.111 -0.002 -0.037 0.038 28.774
-0.008 -0.039 0.199 -0.002 -0.037 0.038 28.784
-0.007 -0.039 0.278 -0.002 -0.037 0.038 28.794
-0.006 -0.039 0.346 -0.002 -0.037 0.038 28.804
-0.005 -0.039 0.393 -0.002 -0.037 0.038 28.814
-0.005 -0.039 0.411 -0.002 -0.037 0.038 28.824
-0.005 -0.039 0.411 -0.002 -0.037 0.038 28.834
-0.006 -0.039 0.403 -0.002 -0.037 0.038 28.844
-0.006 -0.039 0.350 -0.002 -0.037 0.038 28.854
-0.007 -0.039 0.278 -0.002 -0.037 0.038 28.864
-0.008 -0.039 0.196 -0.002 -0.037 0.038 28.874
-0.010 -0.039 0.110 -0.002 -0.037 0.038 28.884
-0.011 -0.039 0.023 -0.002 -0.037 0.038 28.894
-0.012 -0.039 -0.062 -0.002 -0.037 0.038 28.904
-0.013 -0.039 -0.152 -0.002 -0.037 0.038 28.914
-0.014 -0.039 -0.237 -0.002 -0.037 0.038 28.924
-0.015 -0.039 -0.299 -0.002 -0.037 0.038 28.934
-0.016 -0.040 -0.340 -0.002 -0.037 0.038 28.944
-0.016 -0.040 -0.348 -0.002 -0.037 0.038 28.954
-0.016 -0.040 -0.343 -0.002 -0.037 0.038 28.964
-0.016 -0.039 -0.308 -0.002 -0.037 0.038 28.974
-0.015 -0.039 -0.242 -0.002 -0.037 0.038 28.984
-0.013 -0.039 -0.169 -0.002 -0.037 0.038 28.994
-0.012 -0.040 -0.090 -0.002 -0.037 0.038 29.004
-0.011 -0.039 -0.012 -0.002 -0.037 0.038 29.014
-0.010 -0.039 0.074 -0.002 -0.037 0.038 29.024
-0.009 -0.040 0.163 -0.002 -0.037 0.038 29.034
-0.008 -0.040 0.244 -0.002 -0.037 0.038 29.044
-0.008 -0.040 0.316 -0.002 -0.037 0.038 29.054
-0.007 -0.039 0.373 -0.002 -0.037 0.038 29.064
-0.007 -0.039 0.401 -0.002 -0.037 0.038 29.074
-0.007 -0.039 0.405 -0.002 -0.037 0.038 29.084
-0.007 -0.039 0.404 -0.002 -0.037 0.038 29.094
-0.007 -0.039 0.371 -0.002 -0.037 0.038 29.104
-0.008 -0.039 0.303 -0.002 -0.037 0.038 29.114
-0.009 -0.040 0.225 -0.002 -0.037 0.038 29.124
-0.010 -0.040 0.141 -0.002 -0.037 0.038 29.133
-0.011 -0.041 0.054 -0.002 -0.037 0.038 29.141
-0.011 -0.041 0.054 -0.002 -0.037 0.038 29.150
-0.011 -0.041 -0.030 -0.002 -0.037 0.038 29.159
-0.012 -0.040 -0.118 -0.002 -0.037 0.038 29.169
-0.013 -0.041 -0.205 -0.002 -0.037 0.038 29.179
-0.015 -0.041 -0.274 -0.002 -0.037 0.038 29.189
-0.015 -0.041 -0.318 -0.002 -0.037 0.038 29.199
-0.016 -0.042 -0.329 -0.002 -0.037 0.038 29.209
-0.016 -0.041 -0.324 -0.002 -0.037 0.038 29.219
-0.015 -0.041 -0.289 -0.002 -0.037 0.038 29.230
-0.014 -0.041 -0.223 -0.002 -0.037 0.038 29.239
-0.013 -0.041 -0.149 -0.002 -0.037 0.038 29.250
-0.012 -0.041 -0.070 -0.002 -0.037 0.038 29.259
-0.010 -0.041 0.009 -0.002 -0.037 0.038 29.270
-0.009 -0.041 0.095 -0.002 -0.037 0.038 29.280
-0.008 -0.041 0.182 -0.002 -0.037 0.038 29.290
-0.007 -0.041 0.257 -0.002 -0.037 0.038 29.299
-0.006 -0.041 0.320 -0.002 -0.037 0.038 29.309
-0.006 -0.041 0.362 -0.002 -0.037 0.038 29.319
-0.005 -0.041 0.375 -0.002 -0.037 0.038 29.329
-0.005 -0.041 0.374 -0.002 -0.037 0.038 29.339
-0.006 -0.041 0.359 -0.002 -0.037 0.038 29.349
-0.006 -0.041 0.300 -0.002 -0.037 0.038 29.359
-0.007 -0.042 0.225 -0.002 -0.037 0.038 29.369
-0.008 -0.042 0.143 -0.002 -0.037 0.038 29.379
-0.009 -0.042 0.056 -0.002 -0.037 0.038 29.389
-0.011 -0.042 -0.028 -0.002 -0.037 0.038 29.399
-0.011 -0.042 -0.113 -0.002 -0.037 0.038 29.409
-0.013 -0.042 -0.194 -0.002 -0.037 0.038 29.419
-0.014 -0.042 -0.258 -0.002 -0.037 0.038 29.429
-0.014 -0.042 -0.295 -0.002 -0.037 0.038 29.439
-0.014 -0.042 -0.307 -0.002 -0.037 0.038 29.449
-0.014 -0.043 -0.304 -0.002 -0.037 0.038 29.459
-0.013 -0.042 -0.272 -0.002 -0.037 0.038 29.469
-0.013 -0.042 -0.209 -0.002 -0.037 0.038 29.479
-0.011 -0.042 -0.136 -0.002 -0.037 0.038 29.489
-0.010 -0.043 -0.059 -0.002 -0.037 0.038 29.499
-0.009 -0.043 0.021 -0.002 -0.037 0.038 29.509
-0.008 -0.043 0.106 -0.002 -0.037 0.038 29.519
-0.007 -0.043 0.192 -0.002 -0.037 0.038 29.529
-0.006 -0.043 0.266 -0.002 -0.037 0.038 29.539
-0.006 -0.043 0.326 -0.002 -0.037 0.038 29.549
-0.005 -0.043 0.365 -0.002 -0.037 0.038 29.559
-0.005 -0.043 0.374 -0.002 -0.037 0.038 29.569
-0.005 -0.043 0.373 -0.002 -0.037 0.038 29.579
-0.005 -0.043 0.350 -0.002 -0.037 0.038 29.589
-0.006 -0.043 0.287 -0.002 -0.037 0.038 29.599
-0.007 -0.043 0.209 -0.002 -0.037 0.038 29.609
-0.008 -0.043 0.125 -0.002 -0.037 0.038 29.619
-0.010 -0.043 0.039 -0.002 -0.037 0.038 29.629
-0.011 -0.043 -0.046 -0.002 -0.037 0.038 29.639
-0.012 -0.043 -0.133 -0.002 -0.037 0.038 29.649
-0.013 -0.043 -0.215 -0.002 -0.037 0.038 29.659
-0.013 -0.044 -0.278 -0.002 -0.037 0.038 29.669
-0.014 -0.044 -0.327 -0.002 -0.037 0.038 29.679
-0.014 -0.044 -0.337 -0.002 -0.037 0.038 29.689
-0.014 -0.044 -0.334 -0.002 -0.037 0.038 29.699
-0.013 -0.044 -0.302 -0.002 -0.037 0.038 29.709
-0.012 -0.044 -0.236 -0.002 -0.037 0.038 29.719
-0.011 -0.044 -0.163 -0.002 -0.037 0.038 29.729
-0.010 -0.044 -0.083 -0.002 -0.037 0.038 29.739
-0.008 -0.043 -0.005 -0.002 -0.037 0.038 29.749
-0.008 -0.043 0.081 -0.002 -0.037 0.038 29.759
-0.007 -0.043 0.170 -0.002 -0.037 0.038 29.769
-0.005 -0.044 0.248 -0.002 -0.037 0.038 29.779
-0.005 -0.044 0.314 -0.002 -0.037 0.038 29.789
-0.004 -0.043 0.361 -0.002 -0.037 0.038 29.799
-0.004 -0.043 0.377 -0.002 -0.037 0.038 29.809
-0.004 -0.043 0.377 -0.002 -0.037 0.038 29.819
-0.004 -0.043 0.367 -0.002 -0.037 0.038 29.829
-0.004 -0.043 0.311 -0.002 -0.037 0.038 29.839
-0.005 -0.043 0.238 -0.002 -0.037 0.038 29.849
-0.006 -0.043 0.156 -0.002 -0.037 0.038 29.859
-0.007 -0.043 0.069 -0.002 -0.037 0.038 29.869
-0.008 -0.044 -0.015 -0.002 -0.037 0.038 29.879
-0.009 -0.044 -0.100 -0.002 -0.037 0.038 29.889
-0.010 -0.044 -0.182 -0.002 -0.037 0.038 29.899
-0.010 -0.044 -0.250 -0.002 -0.037 0.038 29.909
-0.011 -0.044 -0.290 -0.002 -0.037 0.038 29.919
-0.011 -0.044 -0.305 -0.002 -0.037 0.038 29.929
-0.011 -0.045 -0.304 -0.002 -0.037 0.038 29.939
-0.011 -0.044 -0.275 -0.002 -0.037 0.038 29.949
-0.010 -0.044 -0.214 -0.002 -0.037 0.038 29.959
-0.009 -0.044 -0.141 -0.002 -0.037 0.038 29.969
-0.008 -0.044 -0.065 -0.002 -0.037 0.038 29.979
-0.007 -0.044 0.015 -0.002 -0.037 0.038 29.989
-0.006 -0.044 0.101 -0.002 -0.037 0.038 29.999
-0.004 -0.044 0.188 -0.002 -0.037 0.038 30.009
-0.003 -0.044 0.263 -0.002 -0.037 0.038 30.019
-0.003 -0.044 0.325 -0.002 -0.037 0.038 30.029
-0.002 -0.044 0.364 -0.002 -0.037 0.038 30.039
-0.002 -0.044 0.375 -0.002 -0.037 0.038 30.049
-0.002 -0.044 0.374 -0.002 -0.037 0.038 30.059
-0.002 -0.044 0.358 -0.002 -0.037 0.038 30.069
-0.003 -0.044 0.297 -0.002 -0.037 0.038 30.079
-0.004 -0.044 0.221 -0.002 -0.037 0.038 30.089
-0.005 -0.044 0.138 -0.002 -0.037 0.038 30.099
-0.006 -0.044 0.051 -0.002 -0.037 0.038 30.109
-0.007 -0.044 -0.033 -0.002 -0.037 0.038 30.119
-0.008 -0.044 -0.121 -0.002 -0.037 0.038 30.129
-0.009 -0.044 -0.203 -0.002 -0.037 0.038 30.139
-0.010 -0.044 -0.267 -0.002 -0.037 0.038 30.149
-0.010 -0.045 -0.306 -0.002 -0.037 0.038 30.159
-0.010 -0.045 -0.316 -0.002 -0.037 0.038 30.169
-0.010 -0.045 -0.312 -0.002 -0.037 0.038 30.179
-0.010 -0.044 -0.277 -0.002 -0.037 0.038 30.189
-0.009 -0.044 -0.211 -0.002 -0.037 0.038 30.199
-0.008 -0.044 -0.137 -0.002 -0.037 0.038 30.209
-0.007 -0.044 -0.059 -0.002 -0.037 0.038 30.219
-0.005 -0.044 0.021 -0.002 -0.037 0.038 30.229
-0.004 -0.044 0.108 -0.002 -0.037 0.038 30.239
-0.002 -0.044 0.194 -0.002 -0.037 0.038 30.249
-0.001 -0.044 0.269 -0.002 -0.037 0.038 30.259
-0.001 -0.044 0.331 -0.002 -0.037 0.038 30.269
-0.000 -0.044 0.370 -0.002 -0.037 0.038 30.279
-0.000 -0.044 0.379 -0.002 -0.037 0.038 30.289
-0.000 -0.044 0.379 -0.002 -0.037 0.038 30.299
-0.001 -0.044 0.361 -0.002 -0.037 0.038 30.309
-0.001 -0.044 0.299 -0.002 -0.037 0.038 30.319
-0.003 -0.043 0.222 -0.002 -0.037 0.038 30.329
-0.004 -0.043 0.139 -0.002 -0.037 0.038 30.339
-0.005 -0.043 0.052 -0.002 -0.037 0.038 30.349
-0.006 -0.043 -0.032 -0.002 -0.037 0.038 30.359
-0.007 -0.043 -0.119 -0.002 -0.037 0.038 30.369
-0.008 -0.043 -0.202 -0.002 -0.037 0.038 30.379
-0.009 -0.043 -0.266 -0.002 -0.037 0.038 30.389
-0.010 -0.044 -0.305 -0.002 -0.037 0.038 30.399
-0.010 -0.044 -0.315 -0.002 -0.037 0.038 30.409
-0.010 -0.044 -0.312 -0.002 -0.037 0.038 30.419
-0.010 -0.043 -0.278 -0.002 -0.037 0.038 30.429
-0.009 -0.043 -0.213 -0.002 -0.037 0.038 30.439
-0.008 -0.043 -0.140 -0.002 -0.037 0.038 30.449
-0.006 -0.044 -0.062 -0.002 -0.037 0.038 30.459
-0.006 -0.043 0.018 -0.002 -0.037 0.038 30.469
-0.005 -0.043 0.105 -0.002 -0.037 0.038 30.479
-0.004 -0.043 0.192 -0.002 -0.037 0.038 30.489
-0.003 -0.044 0.268 -0.002 -0.037 0.038 30.499
-0.002 -0.044 0.330 -0.002 -0.037 0.038 30.510
-0.002 -0.044 0.371 -0.002 -0.037 0.038 30.520
-0.002 -0.044 0.381 -0.002 -0.037 0.038 30.529
-0.002 -0.044 0.380 -0.002 -0.037 0.038 30.540
-0.002 -0.044 0.362 -0.002 -0.037 0.038 30.549
-0.003 -0.044 0.300 -0.002 -0.037 0.038 30.560
-0.004 -0.043 0.224 -0.002 -0.037 0.038 30.569
-0.005 -0.043 0.140 -0.002 -0.037 0.038 30.580
-0.007 -0.043 0.053 -0.002 -0.037 0.038 30.590
-0.008 -0.043 -0.031 -0.002 -0.037 0.038 30.600
-0.009 -0.043 -0.119 -0.002 -0.037 0.038 30.609
-0.010 -0.043 -0.202 -0.002 -0.037 0.038 30.620
-0.011 -0.043 -0.268 -0.002 -0.037 0.038 30.630
-0.012 -0.043 -0.309 -0.002 -0.037 0.038 30.639
-0.012 -0.044 -0.320 -0.002 -0.037 0.038 30.649
-0.012 -0.044 -0.316 -0.002 -0.037 0.038 30.659
-0.011 -0.043 -0.284 -0.002 -0.037 0.038 30.669
-0.011 -0.043 -0.218 -0.002 -0.037 0.038 30.679
-0.009 -0.043 -0.144 -0.002 -0.037 0.038 30.689
-0.008 -0.043 -0.066 -0.002 -0.037 0.038 30.699
-0.007 -0.043 0.015 -0.002 -0.037 0.038 30.709
-0.006 -0.043 0.102 -0.002 -0.037 0.038 30.719
-0.005 -0.043 0.189 -0.002 -0.037 0.038 30.729
-0.004 -0.043 0.266 -0.002 -0.037 0.038 30.739
-0.003 -0.043 0.330 -0.002 -0.037 0.038 30.749
-0.003 -0.043 0.373 -0.002 -0.037 0.038 30.759
-0.003 -0.043 0.384 -0.002 -0.037 0.038 30.769
-0.003 -0.043 0.383 -0.002 -0.037 0.038 30.779
-0.003 -0.043 0.368 -0.002 -0.037 0.038 30.789
-0.004 -0.043 0.306 -0.002 -0.037 0.038 30.799
-0.005 -0.042 0.231 -0.002 -0.037 0.038 30.809
-0.006 -0.043 0.148 -0.002 -0.037 0.038 30.819
-0.007 -0.043 0.060 -0.002 -0.037 0.038 30.829
-0.009 -0.042 -0.025 -0.002 -0.037 0.038 30.839
-0.010 -0.042 -0.112 -0.002 -0.037 0.038 30.849
-0.011 -0.042 -0.196 -0.002 -0.037 0.038 30.859
-0.012 -0.042 -0.264 -0.002 -0.037 0.038 30.869
-0.013 -0.042 -0.308 -0.002 -0.037 0.038 30.879
-0.013 -0.042 -0.321 -0.002 -0.037 0.038 30.889
-0.013 -0.043 -0.319 -0.002 -0.037 0.038 30.899
-0.012 -0.042 -0.293 -0.002 -0.037 0.038 30.909
-0.012 -0.042 -0.230 -0.002 -0.037 0.038 30.919
-0.010 -0.042 -0.157 -0.002 -0.037 0.038 30.929
-0.009 -0.042 -0.079 -0.002 -0.037 0.038 30.939
-0.008 -0.042 -0.000 -0.002 -0.037 0.038 30.949
-0.006 -0.042 0.086 -0.002 -0.037 0.038 30.959
-0.005 -0.042 0.175 -0.002 -0.037 0.038 30.969
-0.004 -0.042 0.253 -0.002 -0.037 0.038 30.979
-0.003 -0.042 0.320 -0.002 -0.037 0.038 30.989
-0.002 -0.042 0.368 -0.002 -0.037 0.038 30.999
-0.002 -0.042 0.384 -0.002 -0.037 0.038 31.009
-0.002 -0.042 0.384 -0.002 -0.037 0.038 31.019
-0.003 -0.042 0.375 -0.002 -0.037 0.038 31.029
-0.003 -0.042 0.321 -0.002 -0.037 0.038 31.039
-0.004 -0.041 0.248 -0.002 -0.037 0.038 31.049
-0.005 -0.041 0.165 -0.002 -0.037 0.038 31.059
-0.006 -0.042 0.077 -0.002 -0.037 0.038 31.069
-0.007 -0.042 -0.008 -0.002 -0.037 0.038 31.079
-0.008 -0.042 -0.094 -0.002 -0.037 0.038 31.089
-0.009 -0.042 -0.181 -0.002 -0.037 0.038 31.099
-0.010 -0.042 -0.254 -0.002 -0.037 0.038 31.109
-0.011 -0.042 -0.323 -0.002 -0.037 0.038 31.119
-0.011 -0.042 -0.323 -0.002 -0.037 0.038 31.129
-0.011 -0.042 -0.305 -0.002 -0.037 0.038 31.139
-0.011 -0.042 -0.248 -0.002 -0.037 0.038 31.149
-0.010 -0.042 -0.177 -0.002 -0.037 0.038 31.159
-0.008 -0.042 -0.099 -0.002 -0.037 0.038 31.169
-0.007 -0.042 -0.022 -0.002 -0.037 0.038 31.179
-0.006 -0.042 0.064 -0.002 -0.037 0.038 31.189
-0.005 -0.041 0.154 -0.002 -0.037 0.038 31.199
-0.004 -0.041 0.235 -0.002 -0.037 0.038 31.209
-0.003 -0.041 0.307 -0.002 -0.037 0.038 31.219
-0.002 -0.041 0.361 -0.002 -0.037 0.038 31.229
-0.002 -0.041 0.385 -0.002 -0.037 0.038 31.239
-0.002 -0.041 0.386 -0.002 -0.037 0.038 31.249
-0.003 -0.041 0.384 -0.002 -0.037 0.038 31.259
-0.003 -0.041 0.343 -0.002 -0.037 0.038 31.269
-0.004 -0.041 0.275 -0.002 -0.037 0.038 31.279
-0.005 -0.041 0.193 -0.002 -0.037 0.038 31.289
-0.006 -0.041 0.107 -0.002 -0.037 0.038 31.299
-0.007 -0.041 0.021 -0.002 -0.037 0.038 31.309
-0.008 -0.041 -0.064 -0.002 -0.037 0.038 31.319
-0.009 -0.041 -0.152 -0.002 -0.037 0.038 31.329
-0.010 -0.041 -0.234 -0.002 -0.037 0.038 31.339
-0.011 -0.042 -0.291 -0.002 -0.037 0.038 31.349
-0.011 -0.042 -0.324 -0.002 -0.037 0.038 31.359
-0.011 -0.042 -0.327 -0.002 -0.037 0.038 31.369
-0.011 -0.042 -0.319 -0.002 -0.037 0.038 31.379
-0.011 -0.041 -0.277 -0.002 -0.037 0.038 31.389
-0.010 -0.041 -0.209 -0.002 -0.037 0.038 31.399
-0.008 -0.042 -0.134 -0.002 -0.037 0.038 31.409
-0.007 -0.042 -0.055 -0.002 -0.037 0.038 31.419
-0.006 -0.041 0.027 -0.002 -0.037 0.038 31.429
-0.005 -0.042 0.115 -0.002 -0.037 0.038 31.439
-0.004 -0.042 0.202 -0.002 -0.037 0.038 31.449
-0.003 -0.042 0.279 -0.002 -0.037 0.038 31.459
-0.002 -0.042 0.343 -0.002 -0.037 0.038 31.469
-0.001 -0.042 0.385 -0.002 -0.037 0.038 31.479
-0.001 -0.042 0.396 -0.002 -0.037 0.038 31.489
-0.001 -0.042 0.396 -0.002 -0.037 0.038 31.499
-0.001 -0.042 0.381 -0.002 -0.037 0.038 31.509
-0.002 -0.042 0.319 -0.002 -0.037 0.038 31.519
-0.003 -0.042 0.245 -0.002 -0.037 0.038 31.529
-0.004 -0.042 0.161 -0.002 -0.037 0.038 31.539
-0.005 -0.042 0.072 -0.002 -0.037 0.038 31.549
-0.006 -0.042 -0.013 -0.002 -0.037 0.038 31.559
-0.007 -0.042 -0.099 -0.002 -0.037 0.038 31.569
-0.008 -0.042 -0.186 -0.002 -0.037 0.038 31.579
-0.009 -0.042 -0.259 -0.002 -0.037 0.038 31.589
-0.010 -0.043 -0.308 -0.002 -0.037 0.038 31.599
-0.010 -0.043 -0.329 -0.002 -0.037 0.038 31.609
-0.010 -0.043 -0.328 -0.002 -0.037 0.038 31.619
-0.010 -0.042 -0.309 -0.002 -0.037 0.038 31.629
-0.009 -0.042 -0.250 -0.002 -0.037 0.038 31.639
-0.008 -0.042 -0.179 -0.002 -0.037 0.038 31.649
-0.007 -0.043 -0.101 -0.002 -0.037 0.038 31.659
-0.005 -0.043 -0.023 -0.002 -0.037 0.038 31.669
-0.004 -0.043 0.062 -0.002 -0.037 0.038 31.679
-0.003 -0.043 0.152 -0.002 -0.037 0.038 31.689
-0.002 -0.043 0.233 -0.002 -0.037 0.038 31.699
-0.001 -0.043 0.306 -0.002 -0.037 0.038 31.709
-0.000 -0.043 0.362 -0.002 -0.037 0.038 31.719
-0.000 -0.043 0.389 -0.002 -0.037 0.038 31.729
-0.000 -0.043 0.391 -0.002 -0.037 0.038 31.739
-0.000 -0.043 0.390 -0.002 -0.037 0.038 31.749
-0.001 -0.043 0.355 -0.002 -0.037 0.038 31.759
-0.001 -0.042 0.287 -0.002 -0.037 0.038 31.769
-0.002 -0.043 0.208 -0.002 -0.037 0.038 31.779
-0.003 -0.043 0.123 -0.002 -0.037 0.038 31.789
-0.004 -0.043 0.035 -0.002 -0.037 0.038 31.799
-0.005 -0.043 -0.049 -0.002 -0.037 0.038 31.809
-0.006 -0.043 -0.138 -0.002 -0.037 0.038 31.819
-0.008 -0.043 -0.223 -0.002 -0.037 0.038 31.829
-0.009 -0.044 -0.286 -0.002 -0.037 0.038 31.839
-0.009 -0.044 -0.325 -0.002 -0.037 0.038 31.849
-0.009 -0.044 -0.333 -0.002 -0.037 0.038 31.859
-0.009 -0.044 -0.328 -0.002 -0.037 0.038 31.869
-0.009 -0.044 -0.296 -0.002 -0.037 0.038 31.879
-0.008 -0.044 -0.229 -0.002 -0.037 0.038 31.889
-0.007 -0.044 -0.155 -0.002 -0.037 0.038 31.899
-0.006 -0.044 -0.076 -0.002 -0.037 0.038 31.909
-0.005 -0.043 0.003 -0.002 -0.037 0.038 31.919
-0.004 -0.044 0.090 -0.002 -0.037 0.038 31.929
-0.003 -0.044 0.179 -0.002 -0.037 0.038 31.939
-0.002 -0.044 0.259 -0.002 -0.037 0.038 31.949
-0.001 -0.044 0.328 -0.002 -0.037 0.038 31.959
-0.000 -0.044 0.378 -0.002 -0.037 0.038 31.969
0.000 -0.044 0.397 -0.002 -0.037 0.038 31.979
-0.000 -0.044 0.398 -0.002 -0.037 0.038 31.989
-0.000 -0.044 0.392 -0.002 -0.037 0.038 31.999
-0.001 -0.044 0.342 -0.002 -0.037 0.038 32.009
-0.002 -0.044 0.271 -0.002 -0.037 0.038 32.019
-0.003 -0.044 0.189 -0.002 -0.037 0.038 32.029
-0.004 -0.043 0.101 -0.002 -0.037 0.038 32.039
-0.005 -0.043 0.015 -0.002 -0.037 0.038 32.049
-0.007 -0.043 -0.071 -0.002 -0.037 0.038 32.059
-0.008 -0.043 -0.160 -0.002 -0.037 0.038 32.069
-0.009 -0.043 -0.242 -0.002 -0.037 0.038 32.079
-0.009 -0.044 -0.301 -0.002 -0.037 0.038 32.089
-0.010 -0.044 -0.334 -0.002 -0.037 0.038 32.099
-0.010 -0.044 -0.338 -0.002 -0.037 0.038 32.109
-0.009 -0.044 -0.329 -0.002 -0.037 0.038 32.119
-0.009 -0.044 -0.287 -0.002 -0.037 0.038 32.129
-0.008 -0.044 -0.218 -0.002 -0.037 0.038 32.139
-0.007 -0.044 -0.142 -0.002 -0.037 0.038 32.149
-0.005 -0.044 -0.063 -0.002 -0.037 0.038 32.159
-0.004 -0.043 0.019 -0.002 -0.037 0.038 32.169
-0.003 -0.044 0.107 -0.002 -0.037 0.038 32.179
-0.002 -0.044 0.196 -0.002 -0.037 0.038 32.189
-0.001 -0.044 0.275 -0.002 -0.037 0.038 32.199
0.001 -0.044 0.343 -0.002 -0.037 0.038 32.209
0.001 -0.044 0.390 -0.002 -0.037 0.038 32.219
0.001 -0.045 0.406 -0.002 -0.037 0.038 32.229
0.001 -0.045 0.406 -0.002 -0.037 0.038 32.239
0.001 -0.045 0.394 -0.002 -0.037 0.038 32.249
0.000 -0.044 0.336 -0.002 -0.037 0.038 32.259
-0.000 -0.045 0.264 -0.002 -0.037 0.038 32.269
-0.001 -0.045 0.180 -0.002 -0.037 0.038 32.279
-0.002 -0.045 0.092 -0.002 -0.037 0.038 32.289
-0.003 -0.045 0.006 -0.002 -0.037 0.038 32.299
-0.004 -0.045 -0.080 -0.002 -0.037 0.038 32.309
-0.005 -0.045 -0.169 -0.002 -0.037 0.038 32.319
-0.006 -0.046 -0.250 -0.002 -0.037 0.038 32.329
-0.007 -0.046 -0.306 -0.002 -0.037 0.038 32.339
-0.008 -0.046 -0.337 -0.002 -0.037 0.038 32.349
-0.008 -0.046 -0.340 -0.002 -0.037 0.038 32.359
-0.007 -0.046 -0.331 -0.002 -0.037 0.038 32.369
-0.007 -0.045 -0.288 -0.002 -0.037 0.038 32.379
-0.007 -0.046 -0.219 -0.002 -0.037 0.038 32.389
-0.005 -0.046 -0.144 -0.002 -0.037 0.038 32.399
-0.004 -0.046 -0.064 -0.002 -0.037 0.038 32.409
-0.003 -0.046 0.018 -0.002 -0.037 0.038 32.419
-0.003 -0.046 0.105 -0.002 -0.037 0.038 32.429
-0.002 -0.046 0.194 -0.002 -0.037 0.038 32.439
-0.001 -0.046 0.273 -0.002 -0.037 0.038 32.449
0.000 -0.046 0.341 -0.002 -0.037 0.038 32.459
0.001 -0.046 0.388 -0.002 -0.037 0.038 32.469
0.001 -0.046 0.405 -0.002 -0.037 0.038 32.479
0.001 -0.046 0.405 -0.002 -0.037 0.038 32.489
0.001 -0.046 0.395 -0.002 -0.037 0.038 32.499
0.000 -0.045 0.339 -0.002 -0.037 0.038 32.509
-0.000 -0.046 0.266 -0.002 -0.037 0.038 32.519
-0.002 -0.045 0.183 -0.002 -0.037 0.038 32.529
-0.003 -0.046 0.095 -0.002 -0.037 0.038 32.539
-0.004 -0.046 0.009 -0.002 -0.037 0.038 32.549
-0.006 -0.046 -0.077 -0.002 -0.037 0.038 32.559
-0.007 -0.046 -0.166 -0.002 -0.037 0.038 32.569
-0.008 -0.046 -0.248 -0.002 -0.037 0.038 32.579
-0.009 -0.046 -0.306 -0.002 -0.037 0.038 32.589
-0.009 -0.046 -0.339 -0.002 -0.037 0.038 32.599
-0.009 -0.046 -0.342 -0.002 -0.037 0.038 32.609
-0.009 -0.046 -0.333 -0.002 -0.037 0.038 32.619
-0.009 -0.046 -0.289 -0.002 -0.037 0.038 32.629
-0.008 -0.046 -0.219 -0.002 -0.037 0.038 32.639
-0.006 -0.046 -0.144 -0.002 -0.037 0.038 32.649
-0.005 -0.046 -0.064 -0.002 -0.037 0.038 32.659
-0.004 -0.045 0.018 -0.002 -0.037 0.038 32.669
-0.004 -0.045 0.106 -0.002 -0.037 0.038 32.679
-0.002 -0.046 0.195 -0.002 -0.037 0.038 32.689
-0.002 -0.045 0.275 -0.002 -0.037 0.038 32.699
-0.001 -0.045 0.344 -0.002 -0.037 0.038 32.709
-0.001 -0.045 0.392 -0.002 -0.037 0.038 32.719
-0.000 -0.045 0.409 -0.002 -0.037 0.038 32.729
-0.000 -0.045 0.409 -0.002 -0.037 0.038 32.739
-0.001 -0.045 0.400 -0.002 -0.037 0.038 32.749
-0.001 -0.045 0.345 -0.002 -0.037 0.038 32.759
-0.002 -0.045 0.272 -0.002 -0.037 0.038 32.769
-0.004 -0.045 0.189 -0.002 -0.037 0.038 32.779
-0.005 -0.044 0.101 -0.002 -0.037 0.038 32.789
-0.007 -0.044 0.014 -0.002 -0.037 0.038 32.799
-0.008 -0.044 -0.070 -0.002 -0.037 0.038 32.809
-0.009 -0.044 -0.149 -0.002 -0.037 0.038 32.819
-0.010 -0.044 -0.214 -0.002 -0.037 0.038 32.829
-0.010 -0.044 -0.249 -0.002 -0.037 0.038 32.838
-0.010 -0.044 -0.254 -0.002 -0.037 0.038 32.849
-0.010 -0.044 -0.247 -0.002 -0.037 0.038 32.859
-0.010 -0.044 -0.206 -0.002 -0.037 0.038 32.869
-0.009 -0.044 -0.141 -0.002 -0.037 0.038 32.879
-0.007 -0.044 -0.068 -0.002 -0.037 0.038 32.889
-0.006 -0.044 0.009 -0.002 -0.037 0.038 32.899
-0.005 -0.044 0.094 -0.002 -0.037 0.038 32.909
-0.004 -0.044 0.175 -0.002 -0.037 0.038 32.919
-0.003 -0.044 0.239 -0.002 -0.037 0.038 32.929
-0.002 -0.044 0.287 -0.002 -0.037 0.038 32.938
-0.003 -0.044 0.307 -0.002 -0.037 0.038 32.949
-0.002 -0.044 0.308 -0.002 -0.037 0.038 32.959
-0.003 -0.044 0.304 -0.002 -0.037 0.038 32.969
-0.003 -0.044 0.259 -0.002 -0.037 0.038 32.979
-0.004 -0.044 0.186 -0.002 -0.037 0.038 32.989
-0.005 -0.044 0.103 -0.002 -0.037 0.038 32.998
-0.006 -0.044 0.019 -0.002 -0.037 0.038 33.009
-0.008 -0.044 -0.062 -0.002 -0.037 0.038 33.019
-0.009 -0.044 -0.139 -0.002 -0.037 0.038 33.029
-0.010 -0.043 -0.202 -0.002 -0.037 0.038 33.038
-0.011 -0.044 -0.236 -0.002 -0.037 0.038 33.049
-0.011 -0.044 -0.242 -0.002 -0.037 0.038 33.059
-0.011 -0.044 -0.237 -0.002 -0.037 0.038 33.069
-0.010 -0.044 -0.202 -0.002 -0.037 0.038 33.079
-0.009 -0.043 -0.137 -0.002 -0.037 0.038 33.089
-0.008 -0.044 -0.065 -0.002 -0.037 0.038 33.099
-0.007 -0.044 0.011 -0.002 -0.037 0.038 33.110
-0.006 -0.044 0.095 -0.002 -0.037 0.038 33.119
-0.005 -0.043 0.174 -0.002 -0.037 0.038 33.129
-0.004 -0.043 0.238 -0.002 -0.037 0.038 33.140
-0.004 -0.043 0.284 -0.002 -0.037 0.038 33.150
-0.004 -0.044 0.303 -0.002 -0.037 0.038 33.160
-0.004 -0.043 0.304 -0.002 -0.037 0.038 33.170
-0.004 -0.043 0.301 -0.002 -0.037 0.038 33.179
-0.005 -0.043 0.258 -0.002 -0.037 0.038 33.189
-0.006 -0.043 0.185 -0.002 -0.037 0.038 33.199
-0.006 -0.043 0.103 -0.002 -0.037 0.038 33.210
-0.007 -0.043 0.019 -0.002 -0.037 0.038 33.220
-0.009 -0.043 -0.062 -0.002 -0.037 0.038 33.229
-0.009 -0.043 -0.138 -0.002 -0.037 0.038 33.240
-0.011 -0.043 -0.202 -0.002 -0.037 0.038 33.250
-0.011 -0.043 -0.237 -0.002 -0.037 0.038 33.260
-0.011 -0.044 -0.244 -0.002 -0.037 0.038 33.270
-0.011 -0.043 -0.238 -0.002 -0.037 0.038 33.280
-0.010 -0.043 -0.202 -0.002 -0.037 0.038 33.290
-0.009 -0.043 -0.137 -0.002 -0.037 0.038 33.300
-0.008 -0.043 -0.066 -0.002 -0.037 0.038 33.310
-0.007 -0.043 0.011 -0.002 -0.037 0.038 33.320
-0.006 -0.043 0.095 -0.002 -0.037 0.038 33.329
-0.006 -0.043 0.175 -0.002 -0.037 0.038 33.340
-0.005 -0.043 0.240 -0.002 -0.037 0.038 33.350
-0.004 -0.043 0.288 -0.002 -0.037 0.038 33.360
-0.004 -0.043 0.309 -0.002 -0.037 0.038 33.370
-0.004 -0.043 0.309 -0.002 -0.037 0.038 33.380
-0.004 -0.043 0.306 -0.002 -0.037 0.038 33.390
-0.005 -0.043 0.266 -0.002 -0.037 0.038 33.400
-0.005 -0.043 0.193 -0.002 -0.037 0.038 33.410
-0.007 -0.043 0.110 -0.002 -0.037 0.038 33.420
-0.008 -0.043 0.026 -0.002 -0.037 0.038 33.429
-0.009 -0.043 -0.056 -0.002 -0.037 0.038 33.440
-0.010 -0.043 -0.135 -0.002 -0.037 0.038 33.450
-0.011 -0.043 -0.202 -0.002 -0.037 0.038 33.460
-0.011 -0.043 -0.241 -0.002 -0.037 0.038 33.470
-0.011 -0.043 -0.249 -0.002 -0.037 0.038 33.480
-0.011 -0.043 -0.246 -0.002 -0.037 0.038 33.490
-0.011 -0.043 -0.212 -0.002 -0.037 0.038 33.500
-0.010 -0.043 -0.149 -0.002 -0.037 0.038 33.510
-0.009 -0.043 -0.077 -0.002 -0.037 0.038 33.520
-0.008 -0.043 -0.002 -0.002 -0.037 0.038 33.529
-0.007 -0.043 0.083 -0.002 -0.037 0.038 33.540
-0.006 -0.043 0.165 -0.002 -0.037 0.038 33.550
-0.005 -0.043 0.233 -0.002 -0.037 0.038 33.560
-0.004 -0.043 0.285 -0.002 -0.037 0.038 33.570
-0.004 -0.043 0.311 -0.002 -0.037 0.038 33.580
-0.004 -0.043 0.313 -0.002 -0.037 0.038 33.590
-0.004 -0.043 0.311 -0.002 -0.037 0.038 33.600
-0.005 -0.043 0.279 -0.002 -0.037 0.038 33.610
-0.006 -0.043 0.209 -0.002 -0.037 0.038 33.620
-0.007 -0.043 0.128 -0.002 -0.037 0.038 33.630
-0.009 -0.042 0.043 -0.002 -0.037 0.038 33.640
-0.010 -0.043 -0.039 -0.002 -0.037 0.038 33.650
-0.011 -0.042 -0.121 -0.002 -0.037 0.038 33.660
-0.012 -0.042 -0.192 -0.002 -0.037 0.038 33.671
-0.013 -0.043 -0.241 -0.002 -0.037 0.038 33.682
-0.013 -0.043 -0.258 -0.002 -0.037 0.038 33.693
-0.013 -0.043 -0.258 -0.002 -0.037 0.038 33.703
-0.012 -0.043 -0.239 -0.002 -0.037 0.038 33.713
-0.012 -0.043 -0.182 -0.002 -0.037 0.038 33.723
-0.011 -0.042 -0.111 -0.002 -0.037 0.038 33.733
-0.009 -0.043 -0.039 -0.002 -0.037 0.038 33.743
-0.008 -0.043 0.044 -0.002 -0.037 0.038 33.753
-0.007 -0.042 0.131 -0.002 -0.037 0.038 33.763
-0.007 -0.042 0.210 -0.002 -0.037 0.038 33.773
-0.006 -0.043 0.276 -0.002 -0.037 0.038 33.783
-0.005 -0.043 0.322 -0.002 -0.037 0.038 33.793
-0.005 -0.043 0.340 -0.002 -0.037 0.038 33.803
-0.005 -0.043 0.341 -0.002 -0.037 0.038 33.813
-0.005 -0.043 0.336 -0.002 -0.037 0.038 33.823
-0.006 -0.043 0.289 -0.002 -0.037 0.038 33.833
-0.006 -0.043 0.215 -0.002 -0.037 0.038 33.843
-0.007 -0.043 0.132 -0.002 -0.037 0.038 33.853
-0.009 -0.043 0.046 -0.002 -0.037 0.038 33.863
-0.011 -0.042 -0.038 -0.002 -0.037 0.038 33.873
-0.012 -0.042 -0.124 -0.002 -0.037 0.038 33.883
-0.014 -0.042 -0.202 -0.002 -0.037 0.038 33.893
-0.015 -0.042 -0.260 -0.002 -0.037 0.038 33.903
-0.015 -0.042 -0.287 -0.002 -0.037 0.038 33.913
-0.015 -0.042 -0.291 -0.002 -0.037 0.038 33.923
-0.015 -0.042 -0.285 -0.002 -0.037 0.038 33.933
-0.014 -0.042 -0.240 -0.002 -0.037 0.038 33.943
-0.014 -0.042 -0.173 -0.002 -0.037 0.038 33.953
-0.012 -0.042 -0.096 -0.002 -0.037 0.038 33.963
-0.011 -0.042 -0.020 -0.002 -0.037 0.038 33.974
-0.010 -0.041 0.066 -0.002 -0.037 0.038 33.984
-0.009 -0.042 0.154 -0.002 -0.037 0.038 33.994
-0.008 -0.041 0.231 -0.002 -0.037 0.038 34.004
-0.007 -0.041 0.297 -0.002 -0.037 0.038 34.014
-0.006 -0.041 0.341 -0.002 -0.037 0.038 34.024
-0.006 -0.041 0.357 -0.002 -0.037 0.038 34.034
-0.006 -0.041 0.356 -0.002 -0.037 0.038 34.044
-0.006 -0.041 0.346 -0.002 -0.037 0.038 34.054
-0.007 -0.041 0.292 -0.002 -0.037 0.038 34.064
-0.008 -0.041 0.217 -0.002 -0.037 0.038 34.074
-0.009 -0.041 0.135 -0.002 -0.037 0.038 34.084
-0.010 -0.041 0.048 -0.002 -0.037 0.038 34.094
-0.012 -0.041 -0.037 -0.002 -0.037 0.038 34.104
-0.013 -0.041 -0.123 -0.002 -0.037 0.038 34.114
-0.014 -0.041 -0.202 -0.002 -0.037 0.038 34.124
-0.015 -0.041 -0.261 -0.002 -0.037 0.038 34.134
-0.015 -0.042 -0.290 -0.002 -0.037 0.038 34.144
-0.015 -0.042 -0.296 -0.002 -0.037 0.038 34.154
-0.015 -0.042 -0.289 -0.002 -0.037 0.038 34.164
-0.014 -0.041 -0.244 -0.002 -0.037 0.038 34.174
-0.013 -0.041 -0.176 -0.002 -0.037 0.038 34.184
-0.012 -0.041 -0.100 -0.002 -0.037 0.038 34.194
-0.011 -0.042 -0.024 -0.002 -0.037 0.038 34.204
-0.009 -0.041 0.062 -0.002 -0.037 0.038 34.214
-0.008 -0.041 0.150 -0.002 -0.037 0.038 34.224
-0.007 -0.042 0.229 -0.002 -0.037 0.038 34.234
-0.006 -0.042 0.297 -0.002 -0.037 0.038 34.244
-0.005 -0.042 0.344 -0.002 -0.037 0.038 34.254
-0.005 -0.042 0.362 -0.002 -0.037 0.038 34.264
-0.005 -0.042 0.362 -0.002 -0.037 0.038 34.274
-0.005 -0.042 0.357 -0.002 -0.037 0.038 34.284
-0.006 -0.042 0.307 -0.002 -0.037 0.038 34.294
-0.007 -0.041 0.235 -0.002 -0.037 0.038 34.304
-0.008 -0.042 0.153 -0.002 -0.037 0.038 34.314
-0.009 -0.042 0.065 -0.002 -0.037 0.038 34.324
-0.010 -0.042 -0.020 -0.002 -0.037 0.038 34.334
-0.011 -0.042 -0.106 -0.002 -0.037 0.038 34.344
-0.012 -0.041 -0.188 -0.002 -0.037 0.038 34.354
-0.013 -0.042 -0.255 -0.002 -0.037 0.038 34.364
-0.014 -0.042 -0.292 -0.002 -0.037 0.038 34.374
-0.014 -0.042 -0.303 -0.002 -0.037 0.038 34.384
-0.014 -0.042 -0.300 -0.002 -0.037 0.038 34.394
-0.014 -0.042 -0.266 -0.002 -0.037 0.038 34.404
-0.013 -0.041 -0.203 -0.002 -0.037 0.038 34.414
-0.012 -0.042 -0.128 -0.002 -0.037 0.038 34.424
-0.011 -0.042 -0.051 -0.002 -0.037 0.038 34.434
-0.010 -0.041 0.031 -0.002 -0.037 0.038 34.444
-0.009 -0.041 0.119 -0.002 -0.037 0.038 34.454
-0.008 -0.042 0.204 -0.002 -0.037 0.038 34.464
-0.007 -0.041 0.277 -0.002 -0.037 0.038 34.474
-0.007 -0.041 0.335 -0.002 -0.037 0.038 34.484
-0.006 -0.041 0.368 -0.002 -0.037 0.038 34.494
-0.006 -0.041 0.373 -0.002 -0.037 0.038 34.504
-0.006 -0.041 0.371 -0.002 -0.037 0.038 34.514
-0.006 -0.041 0.338 -0.002 -0.037 0.038 34.524
-0.007 -0.041 0.272 -0.002 -0.037 0.038 34.534
-0.008 -0.041 0.191 -0.002 -0.037 0.038 34.544
-0.009 -0.041 0.105 -0.002 -0.037 0.038 34.554
-0.011 -0.041 0.018 -0.002 -0.037 0.038 34.564
-0.012 -0.041 -0.067 -0.002 -0.037 0.038 34.574
-0.013 -0.041 -0.154 -0.002 -0.037 0.038 34.583
-0.014 -0.041 -0.231 -0.002 -0.037 0.038 34.593
-0.015 -0.041 -0.281 -0.002 -0.037 0.038 34.603
-0.015 -0.041 -0.304 -0.002 -0.037 0.038 34.613
-0.015 -0.041 -0.305 -0.002 -0.037 0.038 34.623
-0.015 -0.041 -0.290 -0.002 -0.037 0.038 34.633
-0.014 -0.041 -0.234 -0.002 -0.037 0.038 34.643
-0.013 -0.041 -0.164 -0.002 -0.037 0.038 34.653
-0.012 -0.041 -0.087 -0.002 -0.037 0.038 34.663
-0.011 -0.041 -0.010 -0.002 -0.037 0.038 34.673
-0.010 -0.041 0.076 -0.002 -0.037 0.038 34.683
-0.009 -0.041 0.164 -0.002 -0.037 0.038 34.693
-0.008 -0.041 0.241 -0.002 -0.037 0.038 34.703
-0.007 -0.041 0.307 -0.002 -0.037 0.038 34.713
-0.006 -0.041 0.351 -0.002 -0.037 0.038 34.723
-0.006 -0.041 0.366 -0.002 -0.037 0.038 34.733
-0.006 -0.041 0.365 -0.002 -0.037 0.038 34.743
-0.006 -0.042 0.355 -0.002 -0.037 0.038 34.753
-0.007 -0.042 0.300 -0.002 -0.037 0.038 34.763
-0.008 -0.042 0.225 -0.002 -0.037 0.038 34.773
-0.009 -0.041 0.143 -0.002 -0.037 0.038 34.783
-0.010 -0.042 0.055 -0.002 -0.037 0.038 34.793
-0.011 -0.042 -0.030 -0.002 -0.037 0.038 34.803
-0.012 -0.042 -0.118 -0.002 -0.037 0.038 34.813
-0.013 -0.042 -0.200 -0.002 -0.037 0.038 34.823
-0.014 -0.042 -0.264 -0.002 -0.037 0.038 34.833
-0.015 -0.043 -0.300 -0.002 -0.037 0.038 34.843
-0.015 -0.043 -0.310 -0.002 -0.037 0.038 34.853
-0.015 -0.043 -0.305 -0.002 -0.037 0.038 34.863
-0.014 -0.042 -0.267 -0.002 -0.037 0.038 34.873
-0.013 -0.042 -0.201 -0.002 -0.037 0.038 34.883
-0.012 -0.042 -0.126 -0.002 -0.037 0.038 34.893
-0.011 -0.043 -0.049 -0.002 -0.037 0.038 34.903
-0.010 -0.042 0.035 -0.002 -0.037 0.038 34.913
-0.009 -0.042 0.123 -0.002 -0.037 0.038 34.923
-0.008 -0.042 0.206 -0.002 -0.037 0.038 34.933
-0.006 -0.043 0.278 -0.002 -0.037 0.038 34.943
-0.006 -0.043 0.339 -0.002 -0.037 0.038 34.953
-0.005 -0.042 0.381 -0.002 -0.037 0.038 34.963
-0.005 -0.042 0.392 -0.002 -0.037 0.038 34.973
-0.005 -0.042 0.391 -0.002 -0.037 0.038 34.983
-0.006 -0.043 0.305 -0.002 -0.037 0.038 34.993
-0.007 -0.042 0.230 -0.002 -0.037 0.038 35.003
-0.008 -0.042 0.149 -0.002 -0.037 0.038 35.013
-0.009 -0.043 0.062 -0.002 -0.037 0.038 35.023
-0.010 -0.043 -0.022 -0.002 -0.037 0.038 35.033
-0.011 -0.043 -0.107 -0.002 -0.037 0.038 35.043
-0.012 -0.043 -0.189 -0.002 -0.037 0.038 35.053
-0.013 -0.043 -0.255 -0.002 -0.037 0.038 35.063
-0.014 -0.043 -0.292 -0.002 -0.037 0.038 35.073
-0.014 -0.044 -0.303 -0.002 -0.037 0.038 35.083
-0.014 -0.044 -0.301 -0.002 -0.037 0.038 35.093
-0.014 -0.043 -0.270 -0.002 -0.037 0.038 35.103
-0.013 -0.043 -0.207 -0.002 -0.037 0.038 35.113
-0.012 -0.043 -0.134 -0.002 -0.037 0.038 35.123
-0.011 -0.044 -0.058 -0.002 -0.037 0.038 35.133
-0.009 -0.043 0.022 -0.002 -0.037 0.038 35.143
-0.008 -0.043 0.107 -0.002 -0.037 0.038 35.153
-0.007 -0.043 0.191 -0.002 -0.037 0.038 35.163
-0.006 -0.044 0.264 -0.002 -0.037 0.038 35.173
-0.005 -0.044 0.323 -0.002 -0.037 0.038 35.183
-0.005 -0.044 0.359 -0.002 -0.037 0.038 35.193
-0.005 -0.044 0.367 -0.002 -0.037 0.038 35.203
-0.005 -0.044 0.366 -0.002 -0.037 0.038 35.213
-0.005 -0.044 0.347 -0.002 -0.037 0.038 35.223
-0.006 -0.044 0.286 -0.002 -0.037 0.038 35.233
-0.007 -0.044 0.209 -0.002 -0.037 0.038 35.243
-0.008 -0.044 0.127 -0.002 -0.037 0.038 35.253
-0.008 -0.044 0.042 -0.002 -0.037 0.038 35.263
-0.010 -0.045 -0.042 -0.002 -0.037 0.038 35.273
-0.011 -0.045 -0.128 -0.002 -0.037 0.038 35.283
-0.012 -0.045 -0.208 -0.002 -0.037 0.038 35.293
-0.013 -0.044 -0.268 -0.002 -0.037 0.038 35.303
-0.014 -0.045 -0.301 -0.002 -0.037 0.038 35.313
-0.014 -0.045 -0.309 -0.002 -0.037 0.038 35.323
-0.014 -0.045 -0.303 -0.002 -0.037 0.038 35.333
-0.013 -0.045 -0.261 -0.002 -0.037 0.038 35.343
-0.012 -0.045 -0.195 -0.002 -0.037 0.038 35.353
-0.011 -0.044 -0.120 -0.002 -0.037 0.038 35.363
-0.010 -0.045 -0.045 -0.002 -0.037 0.038 35.373
-0.009 -0.045 0.037 -0.002 -0.037 0.038 35.383
-0.008 -0.045 0.124 -0.002 -0.037 0.038 35.393
-0.006 -0.045 0.207 -0.002 -0.037 0.038 35.403
-0.006 -0.045 0.279 -0.002 -0.037 0.038 35.413
-0.005 -0.045 0.340 -0.002 -0.037 0.038 35.423
-0.004 -0.045 0.384 -0.002 -0.037 0.038 35.433
-0.004 -0.045 0.396 -0.002 -0.037 0.038 35.443
-0.004 -0.045 0.395 -0.002 -0.037 0.038 35.453
-0.004 -0.045 0.376 -0.002 -0.037 0.038 35.463
-0.005 -0.045 0.311 -0.002 -0.037 0.038 35.473
-0.006 -0.045 0.236 -0.002 -0.037 0.038 35.483
-0.007 -0.044 0.154 -0.002 -0.037 0.038 35.493
-0.007 -0.045 0.066 -0.002 -0.037 0.038 35.503
-0.009 -0.045 -0.018 -0.002 -0.037 0.038 35.513
-0.010 -0.045 -0.104 -0.002 -0.037 0.038 35.523
-0.011 -0.045 -0.187 -0.002 -0.037 0.038 35.533
-0.012 -0.045 -0.256 -0.002 -0.037 0.038 35.543
-0.013 -0.045 -0.296 -0.002 -0.037 0.038 35.553
-0.013 -0.045 -0.312 -0.002 -0.037 0.038 35.563
-0.013 -0.045 -0.311 -0.002 -0.037 0.038 35.573
-0.012 -0.045 -0.286 -0.002 -0.037 0.038 35.583
-0.011 -0.044 -0.225 -0.002 -0.037 0.038 35.593
-0.010 -0.044 -0.153 -0.002 -0.037 0.038 35.603
-0.009 -0.045 -0.076 -0.002 -0.037 0.038 35.613
-0.008 -0.044 0.002 -0.002 -0.037 0.038 35.623
-0.007 -0.044 0.088 -0.002 -0.037 0.038 35.633
-0.006 -0.044 0.174 -0.002 -0.037 0.038 35.643
-0.005 -0.044 0.250 -0.002 -0.037 0.038 35.653
-0.005 -0.044 0.315 -0.002 -0.037 0.038 35.663
-0.004 -0.044 0.360 -0.002 -0.037 0.038 35.673
-0.004 -0.044 0.375 -0.002 -0.037 0.038 35.683
-0.004 -0.044 0.375 -0.002 -0.037 0.038 35.693
-0.004 -0.044 0.366 -0.002 -0.037 0.038 35.703
-0.005 -0.044 0.313 -0.002 -0.037 0.038 35.713
-0.006 -0.043 0.241 -0.002 -0.037 0.038 35.723
-0.007 -0.043 0.160 -0.002 -0.037 0.038 35.733
-0.008 -0.043 0.074 -0.002 -0.037 0.038 35.743
-0.009 -0.043 -0.011 -0.002 -0.037 0.038 35.753
-0.010 -0.043 -0.097 -0.002 -0.037 0.038 35.763
-0.012 -0.043 -0.180 -0.002 -0.037 0.038 35.773
-0.013 -0.043 -0.251 -0.002 -0.037 0.038 35.783
-0.014 -0.043 -0.295 -0.002 -0.037 0.038 35.793
-0.014 -0.044 -0.314 -0.002 -0.037 0.038 35.803
-0.014 -0.044 -0.314 -0.002 -0.037 0.038 35.813
-0.014 -0.043 -0.294 -0.002 -0.037 0.038 35.823
-0.014 -0.043 -0.236 -0.002 -0.037 0.038 35.833
-0.012 -0.043 -0.165 -0.002 -0.037 0.038 35.843
-0.011 -0.043 -0.088 -0.002 -0.037 0.038 35.853
-0.010 -0.043 -0.012 -0.002 -0.037 0.038 35.863
-0.008 -0.043 0.074 -0.002 -0.037 0.038 35.873
-0.007 -0.043 0.162 -0.002 -0.037 0.038 35.883
-0.006 -0.043 0.241 -0.002 -0.037 0.038 35.893
-0.005 -0.043 0.309 -0.002 -0.037 0.038 35.903
-0.005 -0.043 0.359 -0.002 -0.037 0.038 35.913
-0.004 -0.043 0.379 -0.002 -0.037 0.038 35.923
-0.004 -0.043 0.380 -0.002 -0.037 0.038 35.933
-0.004 -0.043 0.376 -0.002 -0.037 0.038 35.943
-0.005 -0.043 0.331 -0.002 -0.037 0.038 35.953
-0.006 -0.043 0.261 -0.002 -0.037 0.038 35.963
-0.007 -0.043 0.180 -0.002 -0.037 0.038 35.973
-0.009 -0.042 0.094 -0.002 -0.037 0.038 35.983
-0.010 -0.043 0.008 -0.002 -0.037 0.038 35.993
-0.011 -0.043 -0.077 -0.002 -0.037 0.038 36.003
-0.012 -0.043 -0.162 -0.002 -0.037 0.038 36.013
-0.013 -0.043 -0.240 -0.002 -0.037 0.038 36.023
-0.014 -0.043 -0.291 -0.002 -0.037 0.038 36.033
-0.014 -0.043 -0.317 -0.002 -0.037 0.038 36.043
-0.014 -0.044 -0.318 -0.002 -0.037 0.038 36.053
-0.014 -0.044 -0.308 -0.002 -0.037 0.038 36.063
-0.013 -0.043 -0.259 -0.002 -0.037 0.038 36.073
-0.012 -0.043 -0.191 -0.002 -0.037 0.038 36.083
-0.011 -0.043 -0.115 -0.002 -0.037 0.038 36.093
-0.010 -0.043 -0.039 -0.002 -0.037 0.038 36.103
-0.009 -0.043 0.045 -0.002 -0.037 0.038 36.113
-0.008 -0.043 0.133 -0.002 -0.037 0.038 36.123
-0.007 -0.043 0.215 -0.002 -0.037 0.038 36.133
-0.006 -0.043 0.288 -0.002 -0.037 0.038 36.143
-0.005 -0.044 0.345 -0.002 -0.037 0.038 36.153
-0.005 -0.043 0.376 -0.002 -0.037 0.038 36.163
-0.005 -0.043 0.380 -0.002 -0.037 0.038 36.173
-0.005 -0.043 0.379 -0.002 -0.037 0.038 36.183
-0.005 -0.043 0.352 -0.002 -0.037 0.038 36.193
-0.006 -0.043 0.286 -0.002 -0.037 0.038 36.203
-0.007 -0.043 0.208 -0.002 -0.037 0.038 36.213
-0.008 -0.043 0.125 -0.002 -0.037 0.038 36.223
-0.009 -0.044 0.038 -0.002 -0.037 0.038 36.233
-0.010 -0.044 -0.046 -0.002 -0.037 0.038 36.243
-0.011 -0.044 -0.134 -0.002 -0.037 0.038 36.253
-0.013 -0.044 -0.216 -0.002 -0.037 0.038 36.263
-0.013 -0.044 -0.280 -0.002 -0.037 0.038 36.273
-0.014 -0.044 -0.332 -0.002 -0.037 0.038 36.283
-0.014 -0.044 -0.346 -0.002 -0.037 0.038 36.293
-0.014 -0.044 -0.344 -0.002 -0.037 0.038 36.303
-0.014 -0.044 -0.316 -0.002 -0.037 0.038 36.313
-0.013 -0.044 -0.252 -0.002 -0.037 0.038 36.323
-0.012 -0.044 -0.179 -0.002 -0.037 0.038 36.333
-0.011 -0.044 -0.100 -0.002 -0.037 0.038 36.343
-0.010 -0.044 -0.022 -0.002 -0.037 0.038 36.353
-0.010 -0.044 0.064 -0.002 -0.037 0.038 36.363
-0.009 -0.044 0.152 -0.002 -0.037 0.038 36.373
-0.007 -0.044 0.234 -0.002 -0.037 0.038 36.383
-0.007 -0.044 0.305 -0.002 -0.037 0.038 36.393
-0.006 -0.044 0.359 -0.002 -0.037 0.038 36.403
-0.006 -0.044 0.383 -0.002 -0.037 0.038 36.413
-0.006 -0.044 0.384 -0.002 -0.037 0.038 36.423
-0.006 -0.044 0.382 -0.002 -0.037 0.038 36.433
-0.006 -0.044 0.345 -0.002 -0.037 0.038 36.443
-0.007 -0.044 0.277 -0.002 -0.037 0.038 36.453
-0.008 -0.044 0.197 -0.002 -0.037 0.038 36.463
-0.010 -0.044 0.112 -0.002 -0.037 0.038 36.473
-0.011 -0.044 0.026 -0.002 -0.037 0.038 36.483
-0.012 -0.044 -0.058 -0.002 -0.037 0.038 36.493
-0.014 -0.043 -0.145 -0.002 -0.037 0.038 36.503
-0.016 -0.043 -0.226 -0.002 -0.037 0.038 36.513
-0.016 -0.043 -0.283 -0.002 -0.037 0.038 36.523
-0.017 -0.044 -0.315 -0.002 -0.037 0.038 36.533
-0.017 -0.044 -0.319 -0.002 -0.037 0.038 36.543
-0.017 -0.044 -0.313 -0.002 -0.037 0.038 36.553
-0.016 -0.043 -0.274 -0.002 -0.037 0.038 36.563
-0.016 -0.043 -0.208 -0.002 -0.037 0.038 36.573
-0.014 -0.043 -0.134 -0.002 -0.037 0.038 36.581
-0.013 -0.043 -0.057 -0.002 -0.037 0.038 36.590
-0.013 -0.043 -0.057 -0.002 -0.037 0.038 36.599
-0.011 -0.043 0.112 -0.002 -0.037 0.038 36.609
-0.011 -0.043 0.112 -0.002 -0.037 0.038 36.619
-0.009 -0.043 0.270 -0.002 -0.037 0.038 36.629
-0.009 -0.043 0.270 -0.002 -0.037 0.038 36.639
-0.008 -0.044 0.363 -0.002 -0.037 0.038 36.649
-0.008 -0.044 0.363 -0.002 -0.037 0.038 36.659
-0.008 -0.043 0.369 -0.002 -0.037 0.038 36.669
-0.008 -0.044 0.343 -0.002 -0.037 0.038 36.679
-0.008 -0.044 0.343 -0.002 -0.037 0.038 36.689
-0.010 -0.043 0.200 -0.002 -0.037 0.038 36.699
-0.010 -0.043 0.200 -0.002 -0.037 0.038 36.709
-0.012 -0.043 0.030 -0.002 -0.037 0.038 36.719
-0.014 -0.043 -0.054 -0.002 -0.037 0.038 36.729
-0.014 -0.043 -0.054 -0.002 -0.037 0.038 36.739
-0.017 -0.043 -0.218 -0.002 -0.037 0.038 36.749
-0.017 -0.043 -0.273 -0.002 -0.037 0.038 36.759
-0.017 -0.043 -0.273 -0.002 -0.037 0.038 36.769
-0.017 -0.043 -0.299 -0.002 -0.037 0.038 36.779
-0.017 -0.043 -0.290 -0.002 -0.037 0.038 36.789
-0.017 -0.043 -0.290 -0.002 -0.037 0.038 36.799
-0.016 -0.042 -0.173 -0.002 -0.037 0.038 36.809
-0.014 -0.042 -0.097 -0.002 -0.037 0.038 36.819
-0.013 -0.043 -0.022 -0.002 -0.037 0.038 36.829
-0.013 -0.043 -0.022 -0.002 -0.037 0.038 36.838
-0.013 -0.042 0.063 -0.002 -0.037 0.038 36.848
-0.012 -0.042 0.151 -0.002 -0.037 0.038 36.859
-0.010 -0.042 0.296 -0.002 -0.037 0.038 36.869
-0.009 -0.043 0.343 -0.002 -0.037 0.038 36.879
-0.009 -0.043 0.361 -0.002 -0.037 0.038 36.889
-0.009 -0.043 0.361 -0.002 -0.037 0.038 36.898
-0.009 -0.042 0.356 -0.002 -0.037 0.038 36.909
-0.009 -0.042 0.309 -0.002 -0.037 0.038 36.919
-0.010 -0.042 0.238 -0.002 -0.037 0.038 36.929
-0.011 -0.042 0.156 -0.002 -0.037 0.038 36.939
-0.013 -0.042 0.070 -0.002 -0.037 0.038 36.949
-0.014 -0.042 -0.014 -0.002 -0.037 0.038 36.959
-0.014 -0.042 -0.014 -0.002 -0.037 0.038 36.968
-0.017 -0.042 -0.181 -0.002 -0.037 0.038 36.979
-0.018 -0.042 -0.250 -0.002 -0.037 0.038 36.989
-0.018 -0.042 -0.289 -0.002 -0.037 0.038 36.999
-0.018 -0.043 -0.302 -0.002 -0.037 0.038 37.009
-0.018 -0.043 -0.302 -0.002 -0.037 0.038 37.018
-0.018 -0.042 -0.271 -0.002 -0.037 0.038 37.028
-0.017 -0.042 -0.210 -0.002 -0.037 0.038 37.039
-0.016 -0.042 -0.137 -0.002 -0.037 0.038 37.049
-0.014 -0.042 -0.061 -0.002 -0.037 0.038 37.059
-0.013 -0.042 0.019 -0.002 -0.037 0.038 37.069
-0.013 -0.042 0.019 -0.002 -0.037 0.038 37.078
-0.011 -0.043 0.191 -0.002 -0.037 0.038 37.088
-0.010 -0.043 0.265 -0.002 -0.037 0.038 37.098
-0.010 -0.043 0.325 -0.002 -0.037 0.038 37.108
-0.009 -0.043 0.362 -0.002 -0.037 0.038 37.118
-0.009 -0.043 0.370 -0.002 -0.037 0.038 37.128
-0.009 -0.043 0.369 -0.002 -0.037 0.038 37.138
-0.009 -0.043 0.369 -0.002 -0.037 0.038 37.148
-0.010 -0.043 0.284 -0.002 -0.037 0.038 37.158
-0.011 -0.042 0.206 -0.002 -0.037 0.038 37.168
-0.013 -0.042 0.123 -0.002 -0.037 0.038 37.178
-0.014 -0.042 0.037 -0.002 -0.037 0.038 37.188
-0.015 -0.042 -0.048 -0.002 -0.037 0.038 37.198
-0.017 -0.042 -0.134 -0.002 -0.037 0.038 37.208
-0.018 -0.042 -0.215 -0.002 -0.037 0.038 37.218
-0.018 -0.042 -0.272 -0.002 -0.037 0.038 37.228
-0.019 -0.042 -0.299 -0.002 -0.037 0.038 37.238
-0.019 -0.042 -0.299 -0.002 -0.037 0.038 37.248
-0.019 -0.043 -0.297 -0.002 -0.037 0.038 37.258
-0.018 -0.042 -0.254 -0.002 -0.037 0.038 37.268
-0.017 -0.042 -0.188 -0.002 -0.037 0.038 37.278
-0.016 -0.043 -0.112 -0.002 -0.037 0.038 37.288
-0.014 -0.043 -0.037 -0.002 -0.037 0.038 37.298
-0.013 -0.043 0.048 -0.002 -0.037 0.038 37.308
-0.012 -0.043 0.136 -0.002 -0.037 0.038 37.318
-0.011 -0.043 0.216 -0.002 -0.037 0.038 37.328
-0.010 -0.043 0.287 -0.002 -0.037 0.038 37.338
-0.010 -0.043 0.340 -0.002 -0.037 0.038 37.348
-0.009 -0.043 0.367 -0.002 -0.037 0.038 37.358
-0.009 -0.043 0.369 -0.002 -0.037 0.038 37.368
-0.009 -0.043 0.369 -0.002 -0.037 0.038 37.378
-0.010 -0.043 0.329 -0.002 -0.037 0.038 37.388
-0.010 -0.043 0.261 -0.002 -0.037 0.038 37.398
-0.010 -0.043 0.261 -0.002 -0.037 0.038 37.408
-0.013 -0.042 0.095 -0.002 -0.037 0.038 37.418
-0.014 -0.043 0.009 -0.002 -0.037 0.038 37.428
-0.014 -0.043 -0.075 -0.002 -0.037 0.038 37.438
-0.015 -0.043 -0.160 -0.002 -0.037 0.038 37.448
-0.017 -0.043 -0.235 -0.002 -0.037 0.038 37.458
-0.017 -0.043 -0.284 -0.002 -0.037 0.038 37.468
-0.018 -0.043 -0.306 -0.002 -0.037 0.038 37.478
-0.018 -0.043 -0.307 -0.002 -0.037 0.038 37.488
-0.017 -0.043 -0.291 -0.002 -0.037 0.038 37.498
-0.017 -0.043 -0.236 -0.002 -0.037 0.038 37.508
-0.016 -0.043 -0.167 -0.002 -0.037 0.038 37.518
-0.015 -0.043 -0.090 -0.002 -0.037 0.038 37.528
-0.014 -0.043 -0.013 -0.002 -0.037 0.038 37.538
-0.013 -0.043 0.073 -0.002 -0.037 0.038 37.548
-0.012 -0.043 0.160 -0.002 -0.037 0.038 37.559
-0.012 -0.043 0.160 -0.002 -0.037 0.038 37.568
-0.011 -0.043 0.238 -0.002 -0.037 0.038 37.578
-0.011 -0.043 0.305 -0.002 -0.037 0.038 37.588
-0.010 -0.044 0.351 -0.002 -0.037 0.038 37.598
-0.010 -0.044 0.368 -0.002 -0.037 0.038 37.608
-0.010 -0.044 0.361 -0.002 -0.037 0.038 37.618
-0.011 -0.044 0.310 -0.002 -0.037 0.038 37.629
-0.012 -0.043 0.238 -0.002 -0.037 0.038 37.639
-0.013 -0.043 0.156 -0.002 -0.037 0.038 37.648
-0.014 -0.043 0.069 -0.002 -0.037 0.038 37.658
-0.014 -0.044 -0.015 -0.002 -0.037 0.038 37.668
-0.016 -0.044 -0.101 -0.002 -0.037 0.038 37.679
-0.017 -0.044 -0.183 -0.002 -0.037 0.038 37.689
-0.018 -0.044 -0.252 -0.002 -0.037 0.038 37.698
-0.018 -0.044 -0.292 -0.002 -0.037 0.038 37.708
-0.019 -0.044 -0.308 -0.002 -0.037 0.038 37.718
-0.018 -0.044 -0.307 -0.002 -0.037 0.038 37.728
-0.018 -0.044 -0.282 -0.002 -0.037 0.038 37.738
-0.018 -0.044 -0.222 -0.002 -0.037 0.038 37.748
-0.017 -0.044 -0.149 -0.002 -0.037 0.038 37.759
