-0.002 -0.024 0.008 -0.002 -0.024 0.008 33.090
-0.002 -0.024 0.008 -0.002 -0.024 0.008 33.100
-0.002 -0.024 0.008 -0.002 -0.024 0.008 33.110
-0.002 -0.024 0.008 -0.002 -0.024 0.008 33.120
-0.002 -0.024 0.008 -0.002 -0.024 0.008 33.130
-0.002 -0.024 0.008 -0.002 -0.024 0.008 33.140
-0.002 -0.024 0.008 -0.002 -0.024 0.008 33.150
-0.002 -0.024 0.008 -0.002 -0.024 0.008 33.160
-0.002 -0.024 0.008 -0.002 -0.024 0.008 33.169
-0.002 -0.024 0.008 -0.002 -0.024 0.008 33.180
-0.002 -0.024 0.008 -0.002 -0.024 0.008 33.190
-0.002 -0.024 0.008 -0.002 -0.024 0.008 33.200
-0.002 -0.024 0.008 -0.002 -0.024 0.008 33.210
-0.002 -0.024 0.008 -0.002 -0.024 0.008 33.220
-0.002 -0.024 0.008 -0.002 -0.024 0.008 33.230
-0.002 -0.024 0.008 -0.002 -0.024 0.008 33.240
-0.002 -0.024 0.008 -0.002 -0.024 0.008 33.250
-0.002 -0.024 0.008 -0.002 -0.024 0.008 33.259
-0.002 -0.024 0.008 -0.002 -0.024 0.008 33.269
-0.002 -0.024 0.008 -0.002 -0.024 0.008 33.280
-0.002 -0.024 0.008 -0.002 -0.024 0.008 33.290
-0.002 -0.024 0.008 -0.002 -0.024 0.008 33.300
-0.002 -0.024 0.008 -0.002 -0.024 0.008 33.310
-0.002 -0.024 0.008 -0.002 -0.024 0.008 33.318
-0.002 -0.024 0.008 -0.002 -0.024 0.008 33.328
-0.002 -0.024 0.008 -0.002 -0.024 0.008 33.338
-0.002 -0.024 0.008 -0.002 -0.024 0.008 33.348
-0.002 -0.024 0.008 -0.002 -0.024 0.008 33.358
-0.002 -0.024 0.008 -0.002 -0.024 0.008 33.369
-0.002 -0.024 0.008 -0.002 -0.024 0.008 33.378
-0.002 -0.024 0.008 -0.002 -0.024 0.008 33.390
-0.002 -0.024 0.008 -0.002 -0.024 0.008 33.398
-0.002 -0.024 0.008 -0.002 -0.024 0.008 33.408
-0.002 -0.024 0.008 -0.002 -0.024 0.008 33.418
-0.002 -0.024 0.008 -0.002 -0.024 0.008 33.428
-0.002 -0.024 0.008 -0.002 -0.024 0.008 33.438
-0.002 -0.024 0.008 -0.002 -0.024 0.008 33.448
-0.002 -0.024 0.008 -0.002 -0.024 0.008 33.458
-0.002 -0.024 0.008 -0.002 -0.024 0.008 33.468
-0.002 -0.024 0.008 -0.002 -0.024 0.008 33.478
-0.002 -0.024 0.008 -0.002 -0.024 0.008 33.488
-0.002 -0.024 0.008 -0.002 -0.024 0.008 33.498
-0.002 -0.024 0.008 -0.002 -0.024 0.008 33.508
-0.002 -0.024 0.008 -0.002 -0.024 0.008 33.518
-0.002 -0.024 0.008 -0.002 -0.024 0.008 33.528
-0.002 -0.024 0.008 -0.002 -0.024 0.008 33.538
-0.002 -0.024 0.008 -0.002 -0.024 0.008 33.548
-0.002 -0.024 0.008 -0.002 -0.024 0.008 33.558
-0.002 -0.024 0.008 -0.002 -0.024 0.008 33.568
-0.002 -0.024 0.008 -0.002 -0.024 0.008 33.578
-0.002 -0.024 0.008 -0.002 -0.024 0.008 33.588
-0.002 -0.024 0.008 -0.002 -0.024 0.008 33.598
-0.002 -0.024 0.008 -0.002 -0.024 0.008 33.609
-0.002 -0.024 0.008 -0.002 -0.024 0.008 33.618
-0.002 -0.024 0.008 -0.002 -0.024 0.008 33.629
-0.002 -0.024 0.008 -0.002 -0.024 0.008 33.639
-0.002 -0.024 0.008 -0.002 -0.024 0.008 33.649
-0.002 -0.024 0.008 -0.002 -0.024 0.008 33.659
-0.002 -0.024 0.008 -0.002 -0.024 0.008 33.669
-0.002 -0.024 0.008 -0.002 -0.024 0.008 33.679
-0.002 -0.024 0.008 -0.002 -0.024 0.008 33.689
-0.002 -0.024 0.008 -0.002 -0.024 0.008 33.699
-0.002 -0.024 0.008 -0.002 -0.024 0.008 33.709
-0.002 -0.024 0.008 -0.002 -0.024 0.008 33.719
-0.002 -0.024 0.008 -0.002 -0.024 0.008 33.729
-0.002 -0.024 0.008 -0.002 -0.024 0.008 33.739
-0.002 -0.024 0.008 -0.002 -0.024 0.008 33.749
-0.002 -0.024 0.008 -0.002 -0.024 0.008 33.759
-0.002 -0.024 0.008 -0.002 -0.024 0.008 33.769
-0.002 -0.024 0.008 -0.002 -0.024 0.008 33.778
-0.002 -0.024 0.008 -0.002 -0.024 0.008 33.789
-0.002 -0.024 0.008 -0.002 -0.024 0.008 33.798
-0.002 -0.024 0.008 -0.002 -0.024 0.008 33.809
-0.002 -0.024 0.008 -0.002 -0.024 0.008 33.818
-0.002 -0.024 0.008 -0.002 -0.024 0.008 33.828
-0.002 -0.024 0.008 -0.002 -0.024 0.008 33.838
-0.002 -0.024 0.008 -0.002 -0.024 0.008 33.848
-0.002 -0.024 0.008 -0.002 -0.024 0.008 33.858
-0.002 -0.024 0.008 -0.002 -0.024 0.008 33.868
-0.002 -0.024 0.008 -0.002 -0.024 0.008 33.878
-0.002 -0.024 0.008 -0.002 -0.024 0.008 33.889
-0.002 -0.024 0.008 -0.002 -0.024 0.008 33.898
-0.002 -0.024 0.008 -0.002 -0.024 0.008 33.908
-0.002 -0.024 0.008 -0.002 -0.024 0.008 33.918
-0.002 -0.024 0.008 -0.002 -0.024 0.008 33.929
-0.002 -0.024 0.008 -0.002 -0.024 0.008 33.938
-0.002 -0.024 0.008 -0.002 -0.024 0.008 33.948
-0.002 -0.024 0.008 -0.002 -0.024 0.008 33.958
-0.002 -0.024 0.008 -0.002 -0.024 0.008 33.968
-0.002 -0.024 0.008 -0.002 -0.024 0.008 33.978
-0.002 -0.024 0.008 -0.002 -0.024 0.008 33.988
-0.002 -0.024 0.008 -0.002 -0.024 0.008 33.998
-0.002 -0.024 0.008 -0.002 -0.024 0.008 34.008
-0.002 -0.024 0.008 -0.002 -0.024 0.008 34.018
-0.002 -0.024 0.008 -0.002 -0.024 0.008 34.029
-0.002 -0.024 0.008 -0.002 -0.024 0.008 34.039
-0.002 -0.024 0.008 -0.002 -0.024 0.008 34.049
-0.002 -0.024 0.008 -0.002 -0.024 0.008 34.058
-0.002 -0.024 0.008 -0.002 -0.024 0.008 34.069
-0.002 -0.024 0.008 -0.002 -0.024 0.008 34.079
-0.002 -0.024 0.008 -0.002 -0.024 0.008 34.089
-0.002 -0.024 0.008 -0.002 -0.024 0.008 34.099
-0.002 -0.024 0.008 -0.002 -0.024 0.008 34.109
-0.002 -0.024 0.008 -0.002 -0.024 0.008 34.119
-0.002 -0.024 0.008 -0.002 -0.024 0.008 34.129
-0.002 -0.024 0.008 -0.002 -0.024 0.008 34.139
-0.002 -0.024 0.008 -0.002 -0.024 0.008 34.149
-0.002 -0.024 0.008 -0.002 -0.024 0.008 34.158
-0.002 -0.024 0.008 -0.002 -0.024 0.008 34.169
-0.002 -0.024 0.008 -0.002 -0.024 0.008 34.179
-0.002 -0.024 0.008 -0.002 -0.024 0.008 34.189
-0.002 -0.024 0.008 -0.002 -0.024 0.008 34.199
-0.002 -0.024 0.008 -0.002 -0.024 0.008 34.209
-0.002 -0.024 0.008 -0.002 -0.024 0.008 34.219
-0.002 -0.024 0.008 -0.002 -0.024 0.008 34.229
-0.002 -0.024 0.008 -0.002 -0.024 0.008 34.239
-0.002 -0.024 0.008 -0.002 -0.024 0.008 34.249
-0.002 -0.024 0.008 -0.002 -0.024 0.008 34.258
-0.002 -0.024 0.008 -0.002 -0.024 0.008 34.269
-0.002 -0.024 0.008 -0.002 -0.024 0.008 34.279
-0.002 -0.024 0.008 -0.002 -0.024 0.008 34.289
-0.002 -0.024 0.008 -0.002 -0.024 0.008 34.299
-0.002 -0.024 0.008 -0.002 -0.024 0.008 34.309
-0.002 -0.024 0.008 -0.002 -0.024 0.008 34.319
-0.002 -0.024 0.008 -0.002 -0.024 0.008 34.329
-0.002 -0.024 0.008 -0.002 -0.024 0.008 34.339
-0.002 -0.024 0.008 -0.002 -0.024 0.008 34.349
-0.002 -0.024 0.008 -0.002 -0.024 0.008 34.358
-0.002 -0.024 0.008 -0.002 -0.024 0.008 34.369
-0.002 -0.024 0.008 -0.002 -0.024 0.008 34.379
-0.002 -0.024 0.008 -0.002 -0.024 0.008 34.389
-0.002 -0.024 0.008 -0.002 -0.024 0.008 34.399
-0.002 -0.024 0.008 -0.002 -0.024 0.008 34.409
-0.002 -0.024 0.008 -0.002 -0.024 0.008 34.419
-0.002 -0.024 0.008 -0.002 -0.024 0.008 34.429
-0.002 -0.024 0.008 -0.002 -0.024 0.008 34.439
-0.002 -0.024 0.008 -0.002 -0.024 0.008 34.449
-0.002 -0.024 0.008 -0.002 -0.024 0.008 34.458
-0.002 -0.024 0.008 -0.002 -0.024 0.008 34.469
-0.002 -0.024 0.008 -0.002 -0.024 0.008 34.479
-0.002 -0.024 0.008 -0.002 -0.024 0.008 34.489
-0.002 -0.024 0.008 -0.002 -0.024 0.008 34.499
-0.002 -0.024 0.008 -0.002 -0.024 0.008 34.510
-0.002 -0.024 0.008 -0.002 -0.024 0.008 34.520
-0.002 -0.024 0.008 -0.002 -0.024 0.008 34.530
-0.002 -0.024 0.008 -0.002 -0.024 0.008 34.540
-0.002 -0.024 0.008 -0.002 -0.024 0.008 34.550
-0.002 -0.024 0.008 -0.002 -0.024 0.008 34.559
-0.002 -0.024 0.008 -0.002 -0.024 0.008 34.570
-0.002 -0.024 0.008 -0.002 -0.024 0.008 34.580
-0.002 -0.024 0.008 -0.002 -0.024 0.008 34.590
-0.002 -0.024 0.008 -0.002 -0.024 0.008 34.600
-0.002 -0.024 0.008 -0.002 -0.024 0.008 34.610
-0.002 -0.024 0.008 -0.002 -0.024 0.008 34.620
-0.002 -0.024 0.008 -0.002 -0.024 0.008 34.630
-0.002 -0.024 0.008 -0.002 -0.024 0.008 34.640
-0.002 -0.024 0.008 -0.002 -0.024 0.008 34.650
-0.002 -0.024 0.008 -0.002 -0.024 0.008 34.659
-0.002 -0.024 0.008 -0.002 -0.024 0.008 34.670
-0.002 -0.024 0.008 -0.002 -0.024 0.008 34.680
-0.002 -0.024 0.008 -0.002 -0.024 0.008 34.690
-0.002 -0.024 0.008 -0.002 -0.024 0.008 34.700
-0.002 -0.024 0.008 -0.002 -0.024 0.008 34.710
-0.002 -0.024 0.008 -0.002 -0.024 0.008 34.720
-0.002 -0.024 0.008 -0.002 -0.024 0.008 34.730
-0.002 -0.024 0.008 -0.002 -0.024 0.008 34.740
-0.002 -0.024 0.008 -0.002 -0.024 0.008 34.750
-0.002 -0.024 0.008 -0.002 -0.024 0.008 34.760
-0.002 -0.024 0.008 -0.002 -0.024 0.008 34.770
-0.002 -0.024 0.008 -0.002 -0.024 0.008 34.780
-0.002 -0.024 0.008 -0.002 -0.024 0.008 34.790
-0.002 -0.024 0.008 -0.002 -0.024 0.008 34.800
-0.002 -0.024 0.008 -0.002 -0.024 0.008 34.810
-0.002 -0.024 0.008 -0.002 -0.024 0.008 34.820
-0.002 -0.024 0.008 -0.002 -0.024 0.008 34.830
-0.002 -0.024 0.008 -0.002 -0.024 0.008 34.840
-0.002 -0.024 0.008 -0.002 -0.024 0.008 34.850
-0.002 -0.024 0.008 -0.002 -0.024 0.008 34.860
-0.002 -0.024 0.008 -0.002 -0.024 0.008 34.870
-0.002 -0.024 0.008 -0.002 -0.024 0.008 34.880
-0.002 -0.024 0.008 -0.002 -0.024 0.008 34.890
-0.002 -0.024 0.008 -0.002 -0.024 0.008 34.900
-0.002 -0.024 0.008 -0.002 -0.024 0.008 34.910
-0.002 -0.024 0.008 -0.002 -0.024 0.008 34.920
-0.002 -0.024 0.008 -0.002 -0.024 0.008 34.930
-0.002 -0.024 0.008 -0.002 -0.024 0.008 34.940
-0.002 -0.024 0.008 -0.002 -0.024 0.008 34.950
-0.002 -0.024 0.008 -0.002 -0.024 0.008 34.960
-0.002 -0.024 0.008 -0.002 -0.024 0.008 34.970
-0.002 -0.024 0.008 -0.002 -0.024 0.008 34.979
-0.002 -0.024 0.008 -0.002 -0.024 0.008 34.989
-0.002 -0.024 0.008 -0.002 -0.024 0.008 35.000
-0.002 -0.024 0.008 -0.002 -0.024 0.008 35.010
-0.002 -0.024 0.008 -0.002 -0.024 0.008 35.020
-0.002 -0.024 0.008 -0.002 -0.024 0.008 35.030
-0.002 -0.024 0.008 -0.002 -0.024 0.008 35.040
-0.002 -0.024 0.008 -0.002 -0.024 0.008 35.050
-0.002 -0.024 0.008 -0.002 -0.024 0.008 35.060
-0.002 -0.024 0.008 -0.002 -0.024 0.008 35.070
-0.002 -0.024 0.008 -0.002 -0.024 0.008 35.079
-0.002 -0.024 0.008 -0.002 -0.024 0.008 35.089
-0.002 -0.024 0.008 -0.002 -0.024 0.008 35.100
-0.002 -0.024 0.008 -0.002 -0.024 0.008 35.110
-0.002 -0.024 0.008 -0.002 -0.024 0.008 35.120
-0.002 -0.024 0.008 -0.002 -0.024 0.008 35.130
-0.002 -0.024 0.008 -0.002 -0.024 0.008 35.140
-0.002 -0.024 0.008 -0.002 -0.024 0.008 35.150
-0.002 -0.024 0.008 -0.002 -0.024 0.008 35.160
-0.002 -0.024 0.008 -0.002 -0.024 0.008 35.170
-0.002 -0.024 0.008 -0.002 -0.024 0.008 35.179
-0.002 -0.024 0.008 -0.002 -0.024 0.008 35.190
-0.002 -0.024 0.008 -0.002 -0.024 0.008 35.200
-0.002 -0.024 0.008 -0.002 -0.024 0.008 35.210
-0.002 -0.025 0.008 -0.002 -0.024 0.008 35.220
-0.002 -0.025 0.008 -0.002 -0.024 0.008 35.230
-0.002 -0.025 0.008 -0.002 -0.024 0.008 35.240
-0.002 -0.025 0.008 -0.002 -0.024 0.008 35.250
-0.002 -0.025 0.008 -0.002 -0.024 0.008 35.260
-0.002 -0.024 0.008 -0.002 -0.024 0.008 35.269
-0.002 -0.024 0.008 -0.002 -0.024 0.008 35.279
-0.002 -0.025 0.008 -0.002 -0.024 0.008 35.289
-0.002 -0.025 0.008 -0.002 -0.024 0.008 35.300
-0.002 -0.025 0.008 -0.002 -0.024 0.008 35.310
-0.002 -0.025 0.008 -0.002 -0.024 0.008 35.320
-0.002 -0.025 0.008 -0.002 -0.024 0.008 35.330
-0.002 -0.025 0.008 -0.002 -0.024 0.008 35.340
-0.002 -0.025 0.008 -0.002 -0.024 0.008 35.350
-0.001 -0.025 0.008 -0.002 -0.024 0.008 35.360
-0.001 -0.025 0.008 -0.002 -0.024 0.008 35.370
-0.000 -0.025 0.008 -0.002 -0.024 0.008 35.379
-0.000 -0.025 0.009 -0.002 -0.024 0.008 35.389
0.001 -0.025 0.008 -0.002 -0.024 0.008 35.399
0.003 -0.025 0.008 -0.002 -0.024 0.008 35.409
0.007 -0.025 0.008 -0.002 -0.024 0.008 35.420
0.014 -0.025 0.008 -0.002 -0.024 0.008 35.430
0.024 -0.026 0.009 -0.002 -0.024 0.008 35.440
0.038 -0.026 0.009 -0.002 -0.024 0.008 35.450
0.056 -0.027 0.009 -0.002 -0.024 0.008 35.460
0.076 -0.027 0.010 -0.002 -0.024 0.008 35.470
0.097 -0.028 0.010 -0.002 -0.024 0.008 35.479
0.118 -0.029 0.011 -0.002 -0.024 0.008 35.490
0.139 -0.030 0.011 -0.002 -0.024 0.008 35.500
0.160 -0.030 0.011 -0.002 -0.024 0.008 35.510
0.182 -0.030 0.011 -0.002 -0.024 0.008 35.520
0.197 -0.030 0.012 -0.002 -0.024 0.008 35.530
0.198 -0.030 0.014 -0.002 -0.024 0.008 35.540
0.187 -0.031 0.014 -0.002 -0.024 0.008 35.550
0.168 -0.032 0.013 -0.002 -0.024 0.008 35.559
0.139 -0.032 0.014 -0.002 -0.024 0.008 35.570
0.104 -0.030 0.015 -0.002 -0.024 0.008 35.580
0.066 -0.030 0.015 -0.002 -0.024 0.008 35.590
0.024 -0.031 0.015 -0.002 -0.024 0.008 35.600
-0.020 -0.031 0.015 -0.002 -0.024 0.008 35.610
-0.061 -0.031 0.013 -0.002 -0.024 0.008 35.620
-0.098 -0.031 0.011 -0.002 -0.024 0.008 35.630
-0.130 -0.030 0.012 -0.002 -0.024 0.008 35.640
-0.154 -0.030 0.012 -0.002 -0.024 0.008 35.650
-0.168 -0.030 0.011 -0.002 -0.024 0.008 35.660
-0.175 -0.030 0.011 -0.002 -0.024 0.008 35.670
-0.173 -0.030 0.012 -0.002 -0.024 0.008 35.679
-0.162 -0.031 0.011 -0.002 -0.024 0.008 35.691
-0.134 -0.031 0.009 -0.002 -0.024 0.008 35.700
-0.094 -0.031 0.011 -0.002 -0.024 0.008 35.711
-0.052 -0.030 0.013 -0.002 -0.024 0.008 35.721
-0.009 -0.029 0.014 -0.002 -0.024 0.008 35.731
0.035 -0.030 0.014 -0.002 -0.024 0.008 35.741
0.076 -0.031 0.013 -0.002 -0.024 0.008 35.751
0.113 -0.032 0.013 -0.002 -0.024 0.008 35.760
0.144 -0.031 0.014 -0.002 -0.024 0.008 35.771
0.168 -0.030 0.015 -0.002 -0.024 0.008 35.780
0.175 -0.029 0.016 -0.002 -0.024 0.008 35.790
0.166 -0.029 0.016 -0.002 -0.024 0.008 35.800
0.147 -0.030 0.014 -0.002 -0.024 0.008 35.810
0.117 -0.031 0.013 -0.002 -0.024 0.008 35.821
0.082 -0.032 0.013 -0.002 -0.024 0.008 35.830
0.048 -0.031 0.012 -0.002 -0.024 0.008 35.840
0.015 -0.030 0.013 -0.002 -0.024 0.008 35.850
-0.018 -0.030 0.013 -0.002 -0.024 0.008 35.860
-0.048 -0.030 0.013 -0.002 -0.024 0.008 35.870
-0.073 -0.031 0.012 -0.002 -0.024 0.008 35.880
-0.093 -0.031 0.011 -0.002 -0.024 0.008 35.889
-0.108 -0.031 0.011 -0.002 -0.024 0.008 35.900
-0.116 -0.031 0.012 -0.002 -0.024 0.008 35.909
-0.116 -0.030 0.012 -0.002 -0.024 0.008 35.920
-0.114 -0.029 0.012 -0.002 -0.024 0.008 35.929
-0.110 -0.030 0.012 -0.002 -0.024 0.008 35.940
-0.099 -0.030 0.011 -0.002 -0.024 0.008 35.949
-0.078 -0.031 0.010 -0.002 -0.024 0.008 35.960
-0.051 -0.031 0.011 -0.002 -0.024 0.008 35.970
-0.023 -0.031 0.012 -0.002 -0.024 0.008 35.980
0.003 -0.030 0.013 -0.002 -0.024 0.008 35.990
0.028 -0.029 0.014 -0.002 -0.024 0.008 36.000
0.055 -0.030 0.013 -0.002 -0.024 0.008 36.010
0.078 -0.032 0.012 -0.002 -0.024 0.008 36.020
0.094 -0.031 0.014 -0.002 -0.024 0.008 36.031
0.104 -0.030 0.015 -0.002 -0.024 0.008 36.040
0.108 -0.030 0.015 -0.002 -0.024 0.008 36.050
0.105 -0.030 0.014 -0.002 -0.024 0.008 36.059
0.094 -0.031 0.013 -0.002 -0.024 0.008 36.070
0.075 -0.031 0.013 -0.002 -0.024 0.008 36.079
0.054 -0.031 0.013 -0.002 -0.024 0.008 36.089
0.035 -0.031 0.013 -0.002 -0.024 0.008 36.099
0.015 -0.031 0.013 -0.002 -0.024 0.008 36.109
-0.004 -0.031 0.013 -0.002 -0.024 0.008 36.119
-0.021 -0.031 0.013 -0.002 -0.024 0.008 36.129
-0.034 -0.031 0.012 -0.002 -0.024 0.008 36.139
-0.043 -0.031 0.012 -0.002 -0.024 0.008 36.149
-0.048 -0.031 0.012 -0.002 -0.024 0.008 36.159
-0.048 -0.031 0.012 -0.002 -0.024 0.008 36.170
-0.047 -0.030 0.013 -0.002 -0.024 0.008 36.180
-0.047 -0.029 0.013 -0.002 -0.024 0.008 36.189
-0.047 -0.030 0.013 -0.002 -0.024 0.008 36.200
-0.046 -0.030 0.013 -0.002 -0.024 0.008 36.209
-0.045 -0.031 0.012 -0.002 -0.024 0.008 36.219
-0.045 -0.030 0.012 -0.002 -0.024 0.008 36.229
-0.044 -0.030 0.013 -0.002 -0.024 0.008 36.240
-0.040 -0.030 0.013 -0.002 -0.024 0.008 36.250
-0.034 -0.031 0.012 -0.002 -0.024 0.008 36.260
-0.028 -0.031 0.012 -0.002 -0.024 0.008 36.270
-0.021 -0.031 0.012 -0.002 -0.024 0.008 36.280
-0.014 -0.030 0.013 -0.002 -0.024 0.008 36.290
-0.006 -0.030 0.013 -0.002 -0.024 0.008 36.300
0.000 -0.030 0.013 -0.002 -0.024 0.008 36.310
0.005 -0.030 0.013 -0.002 -0.024 0.008 36.320
0.009 -0.030 0.013 -0.002 -0.024 0.008 36.330
0.010 -0.030 0.013 -0.002 -0.024 0.008 36.340
0.010 -0.030 0.013 -0.002 -0.024 0.008 36.350
0.010 -0.030 0.013 -0.002 -0.024 0.008 36.360
0.010 -0.031 0.013 -0.002 -0.024 0.008 36.370
0.010 -0.031 0.013 -0.002 -0.024 0.008 36.380
0.010 -0.030 0.013 -0.002 -0.024 0.008 36.391
0.010 -0.030 0.013 -0.002 -0.024 0.008 36.400
0.010 -0.030 0.013 -0.002 -0.024 0.008 36.410
0.010 -0.030 0.014 -0.002 -0.024 0.008 36.420
0.010 -0.030 0.014 -0.002 -0.024 0.008 36.430
0.010 -0.030 0.014 -0.002 -0.024 0.008 36.440
0.010 -0.030 0.014 -0.002 -0.024 0.008 36.450
0.010 -0.030 0.014 -0.002 -0.024 0.008 36.460
0.010 -0.030 0.014 -0.002 -0.024 0.008 36.470
0.010 -0.030 0.014 -0.002 -0.024 0.008 36.480
0.010 -0.030 0.014 -0.002 -0.024 0.008 36.490
0.010 -0.030 0.014 -0.002 -0.024 0.008 36.500
0.010 -0.031 0.014 -0.002 -0.024 0.008 36.510
0.010 -0.031 0.014 -0.002 -0.024 0.008 36.520
0.010 -0.030 0.014 -0.002 -0.024 0.008 36.530
0.010 -0.030 0.014 -0.002 -0.024 0.008 36.540
0.010 -0.030 0.014 -0.002 -0.024 0.008 36.550
0.010 -0.030 0.014 -0.002 -0.024 0.008 36.560
0.010 -0.030 0.014 -0.002 -0.024 0.008 36.570
0.010 -0.030 0.014 -0.002 -0.024 0.008 36.580
0.010 -0.030 0.014 -0.002 -0.024 0.008 36.590
0.010 -0.031 0.014 -0.002 -0.024 0.008 36.600
0.010 -0.031 0.014 -0.002 -0.024 0.008 36.610
0.010 -0.031 0.014 -0.002 -0.024 0.008 36.620
0.010 -0.031 0.014 -0.002 -0.024 0.008 36.630
0.010 -0.031 0.014 -0.002 -0.024 0.008 36.640
0.010 -0.031 0.015 -0.002 -0.024 0.008 36.650
0.010 -0.030 0.015 -0.002 -0.024 0.008 36.660
0.011 -0.031 0.014 -0.002 -0.024 0.008 36.670
0.011 -0.031 0.014 -0.002 -0.024 0.008 36.680
0.011 -0.031 0.015 -0.002 -0.024 0.008 36.690
0.012 -0.031 0.015 -0.002 -0.024 0.008 36.700
0.012 -0.031 0.015 -0.002 -0.024 0.008 36.710
0.012 -0.031 0.014 -0.002 -0.024 0.008 36.720
0.013 -0.031 0.015 -0.002 -0.024 0.008 36.730
0.013 -0.031 0.015 -0.002 -0.024 0.008 36.740
0.013 -0.031 0.015 -0.002 -0.024 0.008 36.750
0.013 -0.031 0.015 -0.002 -0.024 0.008 36.760
0.013 -0.031 0.015 -0.002 -0.024 0.008 36.770
0.013 -0.031 0.015 -0.002 -0.024 0.008 36.780
0.013 -0.031 0.015 -0.002 -0.024 0.008 36.790
0.014 -0.031 0.015 -0.002 -0.024 0.008 36.800
0.014 -0.031 0.015 -0.002 -0.024 0.008 36.810
0.014 -0.031 0.015 -0.002 -0.024 0.008 36.820
0.014 -0.031 0.015 -0.002 -0.024 0.008 36.830
0.014 -0.031 0.015 -0.002 -0.024 0.008 36.840
0.014 -0.031 0.015 -0.002 -0.024 0.008 36.850
0.014 -0.031 0.015 -0.002 -0.024 0.008 36.860
0.014 -0.031 0.015 -0.002 -0.024 0.008 36.871
0.014 -0.031 0.015 -0.002 -0.024 0.008 36.880
0.014 -0.031 0.016 -0.002 -0.024 0.008 36.891
0.014 -0.031 0.016 -0.002 -0.024 0.008 36.900
0.014 -0.031 0.016 -0.002 -0.024 0.008 36.911
0.014 -0.031 0.016 -0.002 -0.024 0.008 36.920
0.013 -0.031 0.016 -0.002 -0.024 0.008 36.930
0.013 -0.031 0.016 -0.002 -0.024 0.008 36.940
0.013 -0.031 0.016 -0.002 -0.024 0.008 36.950
0.013 -0.031 0.016 -0.002 -0.024 0.008 36.960
0.013 -0.031 0.016 -0.002 -0.024 0.008 36.971
0.013 -0.031 0.016 -0.002 -0.024 0.008 36.980
0.012 -0.031 0.016 -0.002 -0.024 0.008 36.990
0.011 -0.031 0.016 -0.002 -0.024 0.008 37.000
0.008 -0.031 0.017 -0.002 -0.024 0.008 37.011
0.002 -0.031 0.016 -0.002 -0.024 0.008 37.020
-0.008 -0.030 0.017 -0.002 -0.024 0.008 37.031
-0.023 -0.030 0.017 -0.002 -0.024 0.008 37.041
-0.044 -0.029 0.017 -0.002 -0.024 0.008 37.051
-0.070 -0.028 0.015 -0.002 -0.024 0.008 37.061
-0.101 -0.027 0.015 -0.002 -0.024 0.008 37.071
-0.136 -0.026 0.014 -0.002 -0.024 0.008 37.081
-0.173 -0.026 0.013 -0.002 -0.024 0.008 37.091
-0.209 -0.025 0.011 -0.002 -0.024 0.008 37.101
-0.240 -0.025 0.010 -0.002 -0.024 0.008 37.111
-0.265 -0.025 0.009 -0.002 -0.024 0.008 37.121
-0.283 -0.025 0.007 -0.002 -0.024 0.008 37.131
-0.283 -0.026 0.005 -0.002 -0.024 0.008 37.141
-0.255 -0.027 0.004 -0.002 -0.024 0.008 37.151
-0.210 -0.025 0.008 -0.002 -0.024 0.008 37.161
-0.157 -0.024 0.010 -0.002 -0.024 0.008 37.171
-0.097 -0.025 0.010 -0.002 -0.024 0.008 37.181
-0.035 -0.025 0.009 -0.002 -0.024 0.008 37.191
0.027 -0.025 0.010 -0.002 -0.024 0.008 37.201
0.089 -0.024 0.011 -0.002 -0.024 0.008 37.211
0.148 -0.025 0.011 -0.002 -0.024 0.008 37.221
0.201 -0.026 0.011 -0.002 -0.024 0.008 37.231
0.244 -0.025 0.012 -0.002 -0.024 0.008 37.241
0.262 -0.022 0.014 -0.002 -0.024 0.008 37.251
0.251 -0.020 0.015 -0.002 -0.024 0.008 37.261
0.226 -0.022 0.012 -0.002 -0.024 0.008 37.271
0.186 -0.026 0.011 -0.002 -0.024 0.008 37.281
0.133 -0.026 0.011 -0.002 -0.024 0.008 37.291
0.077 -0.025 0.011 -0.002 -0.024 0.008 37.301
0.022 -0.023 0.011 -0.002 -0.024 0.008 37.311
-0.034 -0.023 0.010 -0.002 -0.024 0.008 37.321
-0.087 -0.024 0.009 -0.002 -0.024 0.008 37.331
-0.136 -0.025 0.009 -0.002 -0.024 0.008 37.341
-0.180 -0.024 0.008 -0.002 -0.024 0.008 37.351
-0.216 -0.023 0.007 -0.002 -0.024 0.008 37.361
-0.241 -0.025 0.006 -0.002 -0.024 0.008 37.371
-0.245 -0.026 0.004 -0.002 -0.024 0.008 37.381
-0.248 -0.027 0.002 -0.002 -0.024 0.008 37.391
-0.215 -0.026 0.003 -0.002 -0.024 0.008 37.401
-0.169 -0.026 0.004 -0.002 -0.024 0.008 37.411
-0.124 -0.025 0.005 -0.002 -0.024 0.008 37.421
-0.074 -0.025 0.006 -0.002 -0.024 0.008 37.431
-0.020 -0.025 0.008 -0.002 -0.024 0.008 37.441
0.038 -0.025 0.007 -0.002 -0.024 0.008 37.451
0.093 -0.025 0.008 -0.002 -0.024 0.008 37.461
0.143 -0.026 0.008 -0.002 -0.024 0.008 37.471
0.188 -0.026 0.009 -0.002 -0.024 0.008 37.481
0.223 -0.025 0.009 -0.002 -0.024 0.008 37.491
0.232 -0.022 0.011 -0.002 -0.024 0.008 37.501
0.219 -0.021 0.011 -0.002 -0.024 0.008 37.511
0.194 -0.024 0.009 -0.002 -0.024 0.008 37.521
0.169 -0.026 0.007 -0.002 -0.024 0.008 37.531
0.121 -0.026 0.008 -0.002 -0.024 0.008 37.541
0.070 -0.025 0.008 -0.002 -0.024 0.008 37.551
0.022 -0.024 0.007 -0.002 -0.024 0.008 37.561
-0.028 -0.025 0.006 -0.002 -0.024 0.008 37.571
-0.077 -0.025 0.006 -0.002 -0.024 0.008 37.581
-0.121 -0.025 0.005 -0.002 -0.024 0.008 37.591
-0.159 -0.025 0.004 -0.002 -0.024 0.008 37.601
-0.191 -0.025 0.004 -0.002 -0.024 0.008 37.611
-0.212 -0.026 0.004 -0.002 -0.024 0.008 37.621
-0.216 -0.027 0.002 -0.002 -0.024 0.008 37.631
-0.220 -0.028 -0.000 -0.002 -0.024 0.008 37.641
-0.208 -0.027 0.000 -0.002 -0.024 0.008 37.651
-0.168 -0.027 0.001 -0.002 -0.024 0.008 37.661
-0.129 -0.026 0.002 -0.002 -0.024 0.008 37.671
-0.079 -0.026 0.003 -0.002 -0.024 0.008 37.681
-0.027 -0.026 0.003 -0.002 -0.024 0.008 37.691
0.025 -0.026 0.003 -0.002 -0.024 0.008 37.701
0.077 -0.027 0.003 -0.002 -0.024 0.008 37.711
0.121 -0.026 0.004 -0.002 -0.024 0.008 37.721
0.166 -0.026 0.005 -0.002 -0.024 0.008 37.731
0.207 -0.026 0.005 -0.002 -0.024 0.008 37.741
0.228 -0.024 0.005 -0.002 -0.024 0.008 37.751
0.249 -0.023 0.006 -0.002 -0.024 0.008 37.761
0.245 -0.021 0.007 -0.002 -0.024 0.008 37.771
0.214 -0.024 0.006 -0.002 -0.024 0.008 37.781
0.183 -0.027 0.004 -0.002 -0.024 0.008 37.791
0.140 -0.028 0.004 -0.002 -0.024 0.008 37.801
0.089 -0.027 0.004 -0.002 -0.024 0.008 37.811
0.035 -0.026 0.004 -0.002 -0.024 0.008 37.821
-0.021 -0.026 0.004 -0.002 -0.024 0.008 37.831
-0.080 -0.027 0.004 -0.002 -0.024 0.008 37.841
-0.136 -0.027 0.003 -0.002 -0.024 0.008 37.851
-0.187 -0.028 0.002 -0.002 -0.024 0.008 37.861
-0.233 -0.027 0.002 -0.002 -0.024 0.008 37.871
-0.271 -0.027 0.002 -0.002 -0.024 0.008 37.881
-0.297 -0.029 0.001 -0.002 -0.024 0.008 37.891
-0.301 -0.030 -0.002 -0.002 -0.024 0.008 37.901
-0.286 -0.031 -0.002 -0.002 -0.024 0.008 37.911
-0.233 -0.029 -0.000 -0.002 -0.024 0.008 37.921
-0.181 -0.028 0.002 -0.002 -0.024 0.008 37.931
-0.119 -0.027 0.003 -0.002 -0.024 0.008 37.941
-0.052 -0.027 0.004 -0.002 -0.024 0.008 37.951
0.018 -0.027 0.004 -0.002 -0.024 0.008 37.961
0.088 -0.027 0.004 -0.002 -0.024 0.008 37.971
0.156 -0.027 0.005 -0.002 -0.024 0.008 37.981
0.221 -0.027 0.006 -0.002 -0.024 0.008 37.991
0.281 -0.027 0.006 -0.002 -0.024 0.008 38.001
0.332 -0.026 0.006 -0.002 -0.024 0.008 38.011
0.360 -0.023 0.007 -0.002 -0.024 0.008 38.021
0.352 -0.020 0.009 -0.002 -0.024 0.008 38.031
0.327 -0.022 0.007 -0.002 -0.024 0.008 38.041
0.285 -0.026 0.005 -0.002 -0.024 0.008 38.051
0.224 -0.027 0.006 -0.002 -0.024 0.008 38.061
0.157 -0.026 0.006 -0.002 -0.024 0.008 38.071
0.087 -0.025 0.005 -0.002 -0.024 0.008 38.081
0.010 -0.025 0.005 -0.002 -0.024 0.008 38.091
-0.075 -0.026 0.005 -0.002 -0.024 0.008 38.101
-0.157 -0.027 0.004 -0.002 -0.024 0.008 38.111
-0.235 -0.027 0.003 -0.002 -0.024 0.008 38.121
-0.308 -0.027 0.002 -0.002 -0.024 0.008 38.131
-0.371 -0.027 0.002 -0.002 -0.024 0.008 38.141
-0.417 -0.029 -0.000 -0.002 -0.024 0.008 38.151
-0.429 -0.032 -0.004 -0.002 -0.024 0.008 38.161
-0.412 -0.033 -0.004 -0.002 -0.024 0.008 38.171
-0.373 -0.031 -0.001 -0.002 -0.024 0.008 38.181
-0.310 -0.028 0.001 -0.002 -0.024 0.008 38.191
-0.235 -0.027 0.003 -0.002 -0.024 0.008 38.201
-0.156 -0.027 0.004 -0.002 -0.024 0.008 38.211
-0.073 -0.027 0.004 -0.002 -0.024 0.008 38.221
0.011 -0.027 0.004 -0.002 -0.024 0.008 38.231
0.096 -0.027 0.005 -0.002 -0.024 0.008 38.241
0.181 -0.027 0.006 -0.002 -0.024 0.008 38.251
0.263 -0.027 0.006 -0.002 -0.024 0.008 38.261
0.339 -0.027 0.006 -0.002 -0.024 0.008 38.271
0.407 -0.026 0.006 -0.002 -0.024 0.008 38.281
0.447 -0.022 0.008 -0.002 -0.024 0.008 38.291
0.442 -0.018 0.011 -0.002 -0.024 0.008 38.301
0.415 -0.020 0.008 -0.002 -0.024 0.008 38.311
0.368 -0.026 0.005 -0.002 -0.024 0.008 38.321
0.300 -0.028 0.006 -0.002 -0.024 0.008 38.331
0.226 -0.027 0.007 -0.002 -0.024 0.008 38.341
0.156 -0.026 0.005 -0.002 -0.024 0.008 38.351
0.080 -0.025 0.005 -0.002 -0.024 0.008 38.360
-0.003 -0.025 0.006 -0.002 -0.024 0.008 38.371
-0.090 -0.026 0.006 -0.002 -0.024 0.008 38.381
-0.175 -0.027 0.004 -0.002 -0.024 0.008 38.391
-0.256 -0.027 0.002 -0.002 -0.024 0.008 38.400
-0.331 -0.027 0.002 -0.002 -0.024 0.008 38.410
-0.397 -0.028 0.002 -0.002 -0.024 0.008 38.421
-0.450 -0.029 0.000 -0.002 -0.024 0.008 38.430
-0.472 -0.032 -0.003 -0.002 -0.024 0.008 38.441
-0.457 -0.034 -0.005 -0.002 -0.024 0.008 38.450
-0.417 -0.033 -0.002 -0.002 -0.024 0.008 38.461
-0.354 -0.029 0.001 -0.002 -0.024 0.008 38.470
-0.193 -0.027 0.004 -0.002 -0.024 0.008 38.481
-0.109 -0.028 0.004 -0.002 -0.024 0.008 38.491
-0.024 -0.028 0.003 -0.002 -0.024 0.008 38.501
0.062 -0.028 0.004 -0.002 -0.024 0.008 38.511
0.150 -0.028 0.005 -0.002 -0.024 0.008 38.521
0.237 -0.028 0.006 -0.002 -0.024 0.008 38.531
0.320 -0.028 0.007 -0.002 -0.024 0.008 38.541
0.395 -0.027 0.006 -0.002 -0.024 0.008 38.551
0.454 -0.025 0.007 -0.002 -0.024 0.008 38.561
0.471 -0.020 0.010 -0.002 -0.024 0.008 38.571
0.452 -0.019 0.010 -0.002 -0.024 0.008 38.581
0.416 -0.024 0.006 -0.002 -0.024 0.008 38.591
0.356 -0.028 0.005 -0.002 -0.024 0.008 38.601
0.282 -0.028 0.007 -0.002 -0.024 0.008 38.611
0.210 -0.027 0.006 -0.002 -0.024 0.008 38.621
0.138 -0.026 0.004 -0.002 -0.024 0.008 38.631
0.058 -0.026 0.005 -0.002 -0.024 0.008 38.641
-0.027 -0.026 0.006 -0.002 -0.024 0.008 38.651
-0.116 -0.027 0.005 -0.002 -0.024 0.008 38.661
-0.202 -0.028 0.003 -0.002 -0.024 0.008 38.671
-0.282 -0.028 0.002 -0.002 -0.024 0.008 38.681
-0.356 -0.028 0.002 -0.002 -0.024 0.008 38.691
-0.419 -0.029 0.001 -0.002 -0.024 0.008 38.701
-0.458 -0.032 -0.002 -0.002 -0.024 0.008 38.711
-0.456 -0.035 -0.005 -0.002 -0.024 0.008 38.721
-0.431 -0.033 -0.003 -0.002 -0.024 0.008 38.731
-0.383 -0.030 0.001 -0.002 -0.024 0.008 38.741
-0.313 -0.028 0.001 -0.002 -0.024 0.008 38.751
-0.236 -0.028 0.002 -0.002 -0.024 0.008 38.761
-0.157 -0.028 0.004 -0.002 -0.024 0.008 38.771
-0.072 -0.029 0.003 -0.002 -0.024 0.008 38.781
0.014 -0.028 0.003 -0.002 -0.024 0.008 38.791
0.103 -0.028 0.005 -0.002 -0.024 0.008 38.801
0.192 -0.028 0.006 -0.002 -0.024 0.008 38.811
0.278 -0.028 0.006 -0.002 -0.024 0.008 38.821
0.357 -0.028 0.006 -0.002 -0.024 0.008 38.831
0.428 -0.026 0.006 -0.002 -0.024 0.008 38.841
0.471 -0.022 0.008 -0.002 -0.024 0.008 38.851
0.466 -0.019 0.011 -0.002 -0.024 0.008 38.861
0.440 -0.021 0.008 -0.002 -0.024 0.008 38.871
0.394 -0.027 0.004 -0.002 -0.024 0.008 38.881
0.326 -0.029 0.005 -0.002 -0.024 0.008 38.891
0.252 -0.028 0.007 -0.002 -0.024 0.008 38.901
0.182 -0.027 0.005 -0.002 -0.024 0.008 38.911
0.107 -0.026 0.004 -0.002 -0.024 0.008 38.921
0.023 -0.026 0.005 -0.002 -0.024 0.008 38.931
-0.065 -0.027 0.006 -0.002 -0.024 0.008 38.941
-0.153 -0.028 0.004 -0.002 -0.024 0.008 38.951
-0.237 -0.028 0.002 -0.002 -0.024 0.008 38.961
-0.315 -0.028 0.002 -0.002 -0.024 0.008 38.971
-0.386 -0.029 0.002 -0.002 -0.024 0.008 38.981
-0.443 -0.030 0.000 -0.002 -0.024 0.008 38.991
-0.469 -0.034 -0.003 -0.002 -0.024 0.008 39.001
-0.458 -0.035 -0.005 -0.002 -0.024 0.008 39.011
-0.425 -0.033 -0.002 -0.002 -0.024 0.008 39.021
-0.367 -0.030 0.001 -0.002 -0.024 0.008 39.031
-0.293 -0.028 0.002 -0.002 -0.024 0.008 39.041
-0.215 -0.028 0.003 -0.002 -0.024 0.008 39.051
-0.133 -0.028 0.003 -0.002 -0.024 0.008 39.061
-0.048 -0.029 0.003 -0.002 -0.024 0.008 39.071
0.040 -0.029 0.004 -0.002 -0.024 0.008 39.081
0.131 -0.028 0.005 -0.002 -0.024 0.008 39.091
0.221 -0.029 0.006 -0.002 -0.024 0.008 39.101
0.307 -0.028 0.006 -0.002 -0.024 0.008 39.111
0.386 -0.028 0.006 -0.002 -0.024 0.008 39.121
0.454 -0.026 0.006 -0.002 -0.024 0.008 39.131
0.485 -0.021 0.009 -0.002 -0.024 0.008 39.141
0.471 -0.019 0.010 -0.002 -0.024 0.008 39.151
0.436 -0.021 0.007 -0.002 -0.024 0.008 39.161
0.383 -0.025 0.006 -0.002 -0.024 0.008 39.171
0.316 -0.029 0.006 -0.002 -0.024 0.008 39.181
0.241 -0.030 0.006 -0.002 -0.024 0.008 39.191
0.165 -0.027 0.005 -0.002 -0.024 0.008 39.201
0.088 -0.026 0.004 -0.002 -0.024 0.008 39.211
0.005 -0.026 0.005 -0.002 -0.024 0.008 39.221
-0.083 -0.027 0.006 -0.002 -0.024 0.008 39.231
-0.171 -0.028 0.005 -0.002 -0.024 0.008 39.241
-0.255 -0.029 0.002 -0.002 -0.024 0.008 39.251
-0.334 -0.028 0.001 -0.002 -0.024 0.008 39.261
-0.405 -0.029 0.002 -0.002 -0.024 0.008 39.271
-0.459 -0.031 -0.000 -0.002 -0.024 0.008 39.281
-0.479 -0.035 -0.004 -0.002 -0.024 0.008 39.291
-0.464 -0.035 -0.005 -0.002 -0.024 0.008 39.301
-0.427 -0.032 -0.002 -0.002 -0.024 0.008 39.311
-0.366 -0.029 0.001 -0.002 -0.024 0.008 39.321
-0.291 -0.028 0.002 -0.002 -0.024 0.008 39.331
-0.213 -0.028 0.003 -0.002 -0.024 0.008 39.341
-0.131 -0.028 0.003 -0.002 -0.024 0.008 39.351
-0.044 -0.029 0.003 -0.002 -0.024 0.008 39.361
0.045 -0.029 0.004 -0.002 -0.024 0.008 39.371
0.136 -0.029 0.005 -0.002 -0.024 0.008 39.381
0.226 -0.029 0.006 -0.002 -0.024 0.008 39.391
0.313 -0.028 0.006 -0.002 -0.024 0.008 39.401
0.392 -0.028 0.006 -0.002 -0.024 0.008 39.411
0.460 -0.026 0.006 -0.002 -0.024 0.008 39.421
0.490 -0.021 0.009 -0.002 -0.024 0.008 39.431
0.475 -0.019 0.010 -0.002 -0.024 0.008 39.441
0.439 -0.022 0.007 -0.002 -0.024 0.008 39.451
0.384 -0.026 0.005 -0.002 -0.024 0.008 39.461
0.314 -0.030 0.005 -0.002 -0.024 0.008 39.471
0.238 -0.029 0.006 -0.002 -0.024 0.008 39.481
0.164 -0.027 0.005 -0.002 -0.024 0.008 39.491
0.089 -0.026 0.004 -0.002 -0.024 0.008 39.501
0.005 -0.026 0.005 -0.002 -0.024 0.008 39.511
-0.084 -0.027 0.006 -0.002 -0.024 0.008 39.521
-0.173 -0.028 0.004 -0.002 -0.024 0.008 39.531
-0.257 -0.029 0.002 -0.002 -0.024 0.008 39.541
-0.336 -0.029 0.002 -0.002 -0.024 0.008 39.551
-0.406 -0.029 0.002 -0.002 -0.024 0.008 39.561
-0.460 -0.031 -0.000 -0.002 -0.024 0.008 39.571
-0.479 -0.035 -0.004 -0.002 -0.024 0.008 39.581
-0.464 -0.035 -0.005 -0.002 -0.024 0.008 39.591
-0.426 -0.032 -0.001 -0.002 -0.024 0.008 39.601
-0.364 -0.029 0.001 -0.002 -0.024 0.008 39.611
-0.290 -0.028 0.002 -0.002 -0.024 0.008 39.621
-0.211 -0.028 0.003 -0.002 -0.024 0.008 39.631
-0.129 -0.029 0.003 -0.002 -0.024 0.008 39.641
-0.043 -0.029 0.002 -0.002 -0.024 0.008 39.651
0.046 -0.029 0.003 -0.002 -0.024 0.008 39.661
0.138 -0.029 0.005 -0.002 -0.024 0.008 39.671
0.228 -0.029 0.006 -0.002 -0.024 0.008 39.681
0.314 -0.028 0.006 -0.002 -0.024 0.008 39.691
0.393 -0.028 0.005 -0.002 -0.024 0.008 39.701
0.460 -0.026 0.005 -0.002 -0.024 0.008 39.711
0.490 -0.021 0.009 -0.002 -0.024 0.008 39.721
0.475 -0.019 0.010 -0.002 -0.024 0.008 39.731
0.441 -0.023 0.006 -0.002 -0.024 0.008 39.741
0.384 -0.028 0.003 -0.002 -0.024 0.008 39.751
0.310 -0.030 0.005 -0.002 -0.024 0.008 39.761
0.237 -0.028 0.006 -0.002 -0.024 0.008 39.771
0.166 -0.027 0.004 -0.002 -0.024 0.008 39.781
0.089 -0.026 0.004 -0.002 -0.024 0.008 39.791
0.004 -0.027 0.005 -0.002 -0.024 0.008 39.801
-0.085 -0.028 0.005 -0.002 -0.024 0.008 39.811
-0.174 -0.028 0.003 -0.002 -0.024 0.008 39.821
-0.259 -0.029 0.002 -0.002 -0.024 0.008 39.831
-0.337 -0.029 0.001 -0.002 -0.024 0.008 39.841
-0.407 -0.029 0.001 -0.002 -0.024 0.008 39.851
-0.462 -0.031 -0.001 -0.002 -0.024 0.008 39.860
-0.484 -0.034 -0.004 -0.002 -0.024 0.008 39.870
-0.469 -0.035 -0.005 -0.002 -0.024 0.008 39.879
-0.432 -0.033 -0.002 -0.002 -0.024 0.008 39.890
-0.371 -0.029 0.001 -0.002 -0.024 0.008 39.900
-0.297 -0.028 0.002 -0.002 -0.024 0.008 39.910
-0.218 -0.028 0.002 -0.002 -0.024 0.008 39.921
-0.135 -0.029 0.002 -0.002 -0.024 0.008 39.930
-0.049 -0.029 0.002 -0.002 -0.024 0.008 39.939
0.039 -0.029 0.003 -0.002 -0.024 0.008 39.949
0.131 -0.029 0.005 -0.002 -0.024 0.008 39.959
0.223 -0.029 0.006 -0.002 -0.024 0.008 39.969
0.309 -0.028 0.006 -0.002 -0.024 0.008 39.978
0.389 -0.028 0.005 -0.002 -0.024 0.008 39.990
0.459 -0.026 0.005 -0.002 -0.024 0.008 40.000
0.494 -0.021 0.008 -0.002 -0.024 0.008 40.010
0.482 -0.018 0.010 -0.002 -0.024 0.008 40.020
0.449 -0.022 0.006 -0.002 -0.024 0.008 40.030
0.395 -0.028 0.003 -0.002 -0.024 0.008 40.040
0.322 -0.030 0.005 -0.002 -0.024 0.008 40.050
0.248 -0.028 0.006 -0.002 -0.024 0.008 40.060
0.178 -0.027 0.004 -0.002 -0.024 0.008 40.070
0.102 -0.026 0.004 -0.002 -0.024 0.008 40.078
0.017 -0.027 0.005 -0.002 -0.024 0.008 40.089
-0.071 -0.028 0.005 -0.002 -0.024 0.008 40.098
-0.156 -0.029 0.003 -0.002 -0.024 0.008 40.109
-0.236 -0.029 0.001 -0.002 -0.024 0.008 40.119
-0.310 -0.029 0.001 -0.002 -0.024 0.008 40.130
-0.371 -0.031 0.001 -0.002 -0.024 0.008 40.139
-0.398 -0.035 -0.004 -0.002 -0.024 0.008 40.150
-0.386 -0.036 -0.006 -0.002 -0.024 0.008 40.159
-0.353 -0.033 -0.002 -0.002 -0.024 0.008 40.170
-0.294 -0.030 0.001 -0.002 -0.024 0.008 40.179
-0.219 -0.028 0.002 -0.002 -0.024 0.008 40.190
-0.140 -0.028 0.003 -0.002 -0.024 0.008 40.200
-0.060 -0.029 0.003 -0.002 -0.024 0.008 40.210
0.022 -0.029 0.003 -0.002 -0.024 0.008 40.218
0.105 -0.029 0.003 -0.002 -0.024 0.008 40.228
0.185 -0.028 0.005 -0.002 -0.024 0.008 40.238
0.261 -0.028 0.006 -0.002 -0.024 0.008 40.250
0.330 -0.028 0.005 -0.002 -0.024 0.008 40.259
0.374 -0.023 0.006 -0.002 -0.024 0.008 40.269
0.371 -0.019 0.009 -0.002 -0.024 0.008 40.279
0.345 -0.020 0.007 -0.002 -0.024 0.008 40.290
0.301 -0.027 0.004 -0.002 -0.024 0.008 40.300
0.235 -0.030 0.004 -0.002 -0.024 0.008 40.310
0.162 -0.029 0.005 -0.002 -0.024 0.008 40.320
0.092 -0.027 0.004 -0.002 -0.024 0.008 40.330
0.018 -0.026 0.003 -0.002 -0.024 0.008 40.338
-0.064 -0.027 0.005 -0.002 -0.024 0.008 40.348
-0.143 -0.029 0.004 -0.002 -0.024 0.008 40.358
-0.217 -0.030 0.002 -0.002 -0.024 0.008 40.368
-0.286 -0.029 0.001 -0.002 -0.024 0.008 40.378
-0.344 -0.030 0.000 -0.002 -0.024 0.008 40.389
-0.373 -0.034 -0.003 -0.002 -0.024 0.008 40.400
-0.364 -0.036 -0.005 -0.002 -0.024 0.008 40.409
-0.333 -0.034 -0.003 -0.002 -0.024 0.008 40.419
-0.280 -0.030 0.000 -0.002 -0.024 0.008 40.430
-0.209 -0.029 0.002 -0.002 -0.024 0.008 40.439
-0.130 -0.029 0.002 -0.002 -0.024 0.008 40.450
-0.050 -0.029 0.003 -0.002 -0.024 0.008 40.459
0.032 -0.029 0.003 -0.002 -0.024 0.008 40.469
0.113 -0.029 0.004 -0.002 -0.024 0.008 40.478
0.193 -0.028 0.004 -0.002 -0.024 0.008 40.488
0.267 -0.028 0.005 -0.002 -0.024 0.008 40.498
0.333 -0.028 0.005 -0.002 -0.024 0.008 40.508
0.373 -0.023 0.006 -0.002 -0.024 0.008 40.519
0.368 -0.019 0.009 -0.002 -0.024 0.008 40.530
0.340 -0.021 0.006 -0.002 -0.024 0.008 40.539
0.294 -0.027 0.003 -0.002 -0.024 0.008 40.549
0.228 -0.030 0.004 -0.002 -0.024 0.008 40.559
0.156 -0.029 0.005 -0.002 -0.024 0.008 40.570
0.086 -0.027 0.004 -0.002 -0.024 0.008 40.578
0.009 -0.026 0.003 -0.002 -0.024 0.008 40.589
-0.073 -0.027 0.004 -0.002 -0.024 0.008 40.598
-0.152 -0.030 0.003 -0.002 -0.024 0.008 40.608
-0.226 -0.031 0.002 -0.002 -0.024 0.008 40.618
-0.295 -0.030 0.001 -0.002 -0.024 0.008 40.629
-0.351 -0.031 -0.000 -0.002 -0.024 0.008 40.639
-0.376 -0.034 -0.004 -0.002 -0.024 0.008 40.649
-0.365 -0.036 -0.005 -0.002 -0.024 0.008 40.658
-0.334 -0.034 -0.002 -0.002 -0.024 0.008 40.669
-0.278 -0.030 0.001 -0.002 -0.024 0.008 40.678
-0.206 -0.029 0.002 -0.002 -0.024 0.008 40.689
-0.127 -0.029 0.002 -0.002 -0.024 0.008 40.698
-0.046 -0.030 0.002 -0.002 -0.024 0.008 40.708
0.036 -0.029 0.003 -0.002 -0.024 0.008 40.718
0.118 -0.029 0.004 -0.002 -0.024 0.008 40.728
0.198 -0.028 0.004 -0.002 -0.024 0.008 40.738
0.273 -0.029 0.005 -0.002 -0.024 0.008 40.748
0.339 -0.028 0.005 -0.002 -0.024 0.008 40.758
0.378 -0.023 0.006 -0.002 -0.024 0.008 40.768
0.371 -0.019 0.009 -0.002 -0.024 0.008 40.778
0.343 -0.022 0.006 -0.002 -0.024 0.008 40.789
0.297 -0.027 0.003 -0.002 -0.024 0.008 40.799
0.232 -0.030 0.004 -0.002 -0.024 0.008 40.810
0.160 -0.029 0.005 -0.002 -0.024 0.008 40.820
0.090 -0.028 0.004 -0.002 -0.024 0.008 40.830
0.013 -0.027 0.003 -0.002 -0.024 0.008 40.840
-0.070 -0.027 0.004 -0.002 -0.024 0.008 40.849
-0.149 -0.030 0.003 -0.002 -0.024 0.008 40.858
-0.224 -0.031 0.002 -0.002 -0.024 0.008 40.871
-0.293 -0.030 0.001 -0.002 -0.024 0.008 40.881
-0.351 -0.031 -0.000 -0.002 -0.024 0.008 40.891
-0.379 -0.035 -0.003 -0.002 -0.024 0.008 40.901
-0.370 -0.037 -0.005 -0.002 -0.024 0.008 40.911
-0.342 -0.034 -0.002 -0.002 -0.024 0.008 40.921
-0.290 -0.031 0.001 -0.002 -0.024 0.008 40.931
-0.218 -0.029 0.001 -0.002 -0.024 0.008 40.941
-0.140 -0.029 0.002 -0.002 -0.024 0.008 40.949
-0.060 -0.030 0.002 -0.002 -0.024 0.008 40.961
0.023 -0.030 0.003 -0.002 -0.024 0.008 40.970
0.106 -0.029 0.004 -0.002 -0.024 0.008 40.979
0.187 -0.028 0.004 -0.002 -0.024 0.008 40.990
0.264 -0.029 0.004 -0.002 -0.024 0.008 41.001
0.333 -0.028 0.004 -0.002 -0.024 0.008 41.011
0.378 -0.024 0.006 -0.002 -0.024 0.008 41.021
0.377 -0.020 0.009 -0.002 -0.024 0.008 41.031
0.353 -0.021 0.007 -0.002 -0.024 0.008 41.041
0.312 -0.027 0.002 -0.002 -0.024 0.008 41.048
0.248 -0.030 0.003 -0.002 -0.024 0.008 41.061
0.176 -0.029 0.005 -0.002 -0.024 0.008 41.071
0.108 -0.028 0.004 -0.002 -0.024 0.008 41.081
0.032 -0.027 0.003 -0.002 -0.024 0.008 41.090
-0.053 -0.027 0.004 -0.002 -0.024 0.008 41.100
-0.135 -0.030 0.003 -0.002 -0.024 0.008 41.110
-0.211 -0.031 0.002 -0.002 -0.024 0.008 41.120
-0.284 -0.030 0.001 -0.002 -0.024 0.008 41.131
-0.346 -0.031 0.000 -0.002 -0.024 0.008 41.141
-0.383 -0.034 -0.003 -0.002 -0.024 0.008 41.152
-0.379 -0.037 -0.006 -0.002 -0.024 0.008 41.163
-0.355 -0.036 -0.003 -0.002 -0.024 0.008 41.175
-0.306 -0.031 0.000 -0.002 -0.024 0.008 41.185
-0.236 -0.030 0.001 -0.002 -0.024 0.008 41.195
-0.159 -0.030 0.001 -0.002 -0.024 0.008 41.205
-0.079 -0.030 0.002 -0.002 -0.024 0.008 41.215
0.004 -0.030 0.002 -0.002 -0.024 0.008 41.226
0.089 -0.030 0.003 -0.002 -0.024 0.008 41.236
0.173 -0.029 0.004 -0.002 -0.024 0.008 41.246
0.255 -0.029 0.004 -0.002 -0.024 0.008 41.256
0.330 -0.029 0.004 -0.002 -0.024 0.008 41.266
0.395 -0.027 0.004 -0.002 -0.024 0.008 41.276
0.425 -0.022 0.007 -0.002 -0.024 0.008 41.286
0.412 -0.020 0.008 -0.002 -0.024 0.008 41.296
0.382 -0.023 0.004 -0.002 -0.024 0.008 41.306
0.330 -0.029 0.002 -0.002 -0.024 0.008 41.316
0.260 -0.030 0.004 -0.002 -0.024 0.008 41.326
0.189 -0.029 0.005 -0.002 -0.024 0.008 41.336
0.119 -0.028 0.003 -0.002 -0.024 0.008 41.346
0.040 -0.027 0.003 -0.002 -0.024 0.008 41.356
-0.047 -0.028 0.004 -0.002 -0.024 0.008 41.366
-0.133 -0.030 0.004 -0.002 -0.024 0.008 41.376
-0.216 -0.031 0.002 -0.002 -0.024 0.008 41.386
-0.295 -0.030 0.001 -0.002 -0.024 0.008 41.396
-0.364 -0.031 0.001 -0.002 -0.024 0.008 41.406
-0.418 -0.033 -0.001 -0.002 -0.024 0.008 41.416
-0.436 -0.037 -0.005 -0.002 -0.024 0.008 41.426
-0.421 -0.037 -0.005 -0.002 -0.024 0.008 41.436
-0.387 -0.034 -0.001 -0.002 -0.024 0.008 41.446
-0.324 -0.031 0.000 -0.002 -0.024 0.008 41.456
-0.249 -0.030 0.000 -0.002 -0.024 0.008 41.466
-0.171 -0.030 0.002 -0.002 -0.024 0.008 41.476
-0.089 -0.031 0.003 -0.002 -0.024 0.008 41.486
-0.003 -0.030 0.002 -0.002 -0.024 0.008 41.496
0.085 -0.030 0.002 -0.002 -0.024 0.008 41.506
0.174 -0.029 0.003 -0.002 -0.024 0.008 41.516
0.259 -0.030 0.005 -0.002 -0.024 0.008 41.526
0.338 -0.029 0.005 -0.002 -0.024 0.008 41.536
0.410 -0.029 0.005 -0.002 -0.024 0.008 41.546
0.464 -0.025 0.005 -0.002 -0.024 0.008 41.556
0.474 -0.020 0.008 -0.002 -0.024 0.008 41.566
0.449 -0.020 0.008 -0.002 -0.024 0.008 41.576
0.404 -0.024 0.005 -0.002 -0.024 0.008 41.586
0.340 -0.029 0.003 -0.002 -0.024 0.008 41.596
0.264 -0.031 0.004 -0.002 -0.024 0.008 41.606
0.188 -0.030 0.004 -0.002 -0.024 0.008 41.616
0.114 -0.028 0.002 -0.002 -0.024 0.008 41.626
0.035 -0.027 0.003 -0.002 -0.024 0.008 41.636
-0.053 -0.028 0.005 -0.002 -0.024 0.008 41.646
-0.142 -0.029 0.004 -0.002 -0.024 0.008 41.656
-0.227 -0.031 0.002 -0.002 -0.024 0.008 41.666
-0.308 -0.031 0.000 -0.002 -0.024 0.008 41.676
-0.380 -0.031 0.001 -0.002 -0.024 0.008 41.686
-0.435 -0.034 -0.001 -0.002 -0.024 0.008 41.696
-0.452 -0.037 -0.005 -0.002 -0.024 0.008 41.706
-0.435 -0.037 -0.005 -0.002 -0.024 0.008 41.716
-0.398 -0.034 -0.001 -0.002 -0.024 0.008 41.726
-0.336 -0.031 0.000 -0.002 -0.024 0.008 41.736
-0.259 -0.030 0.001 -0.002 -0.024 0.008 41.746
-0.180 -0.031 0.002 -0.002 -0.024 0.008 41.756
-0.098 -0.031 0.002 -0.002 -0.024 0.008 41.766
-0.012 -0.031 0.001 -0.002 -0.024 0.008 41.776
0.077 -0.030 0.002 -0.002 -0.024 0.008 41.786
0.168 -0.030 0.003 -0.002 -0.024 0.008 41.795
0.254 -0.030 0.005 -0.002 -0.024 0.008 41.805
0.334 -0.029 0.005 -0.002 -0.024 0.008 41.815
0.408 -0.028 0.003 -0.002 -0.024 0.008 41.825
0.457 -0.024 0.005 -0.002 -0.024 0.008 41.835
0.458 -0.020 0.008 -0.002 -0.024 0.008 41.845
0.432 -0.021 0.007 -0.002 -0.024 0.008 41.855
0.388 -0.028 0.003 -0.002 -0.024 0.008 41.865
0.320 -0.031 0.003 -0.002 -0.024 0.008 41.875
0.244 -0.030 0.005 -0.002 -0.024 0.008 41.885
0.174 -0.029 0.003 -0.002 -0.024 0.008 41.895
0.100 -0.028 0.003 -0.002 -0.024 0.008 41.905
0.017 -0.028 0.004 -0.002 -0.024 0.008 41.915
-0.072 -0.029 0.005 -0.002 -0.024 0.008 41.925
-0.160 -0.030 0.003 -0.002 -0.024 0.008 41.935
-0.243 -0.031 0.001 -0.002 -0.024 0.008 41.945
-0.321 -0.031 0.001 -0.002 -0.024 0.008 41.955
-0.390 -0.032 0.001 -0.002 -0.024 0.008 41.965
-0.440 -0.034 -0.001 -0.002 -0.024 0.008 41.975
-0.449 -0.037 -0.006 -0.002 -0.024 0.008 41.985
-0.429 -0.037 -0.005 -0.002 -0.024 0.008 41.995
-0.387 -0.034 -0.001 -0.002 -0.024 0.008 42.005
-0.321 -0.031 0.000 -0.002 -0.024 0.008 42.015
-0.243 -0.030 0.001 -0.002 -0.024 0.008 42.025
-0.163 -0.030 0.003 -0.002 -0.024 0.008 42.035
-0.080 -0.031 0.002 -0.002 -0.024 0.008 42.045
0.007 -0.031 0.001 -0.002 -0.024 0.008 42.055
0.095 -0.030 0.002 -0.002 -0.024 0.008 42.065
0.184 -0.030 0.004 -0.002 -0.024 0.008 42.075
0.270 -0.030 0.005 -0.002 -0.024 0.008 42.085
0.350 -0.030 0.004 -0.002 -0.024 0.008 42.095
0.419 -0.028 0.004 -0.002 -0.024 0.008 42.105
0.455 -0.022 0.006 -0.002 -0.024 0.008 42.115
0.444 -0.019 0.009 -0.002 -0.024 0.008 42.125
0.412 -0.023 0.005 -0.002 -0.024 0.008 42.135
0.362 -0.028 0.002 -0.002 -0.024 0.008 42.145
0.293 -0.031 0.004 -0.002 -0.024 0.008 42.155
0.220 -0.030 0.005 -0.002 -0.024 0.008 42.165
0.150 -0.028 0.003 -0.002 -0.024 0.008 42.175
0.075 -0.027 0.003 -0.002 -0.024 0.008 42.185
-0.010 -0.028 0.004 -0.002 -0.024 0.008 42.195
-0.099 -0.029 0.004 -0.002 -0.024 0.008 42.205
-0.185 -0.031 0.002 -0.002 -0.024 0.008 42.215
-0.267 -0.031 0.001 -0.002 -0.024 0.008 42.225
-0.342 -0.031 0.001 -0.002 -0.024 0.008 42.235
-0.407 -0.032 0.000 -0.002 -0.024 0.008 42.245
-0.445 -0.036 -0.003 -0.002 -0.024 0.008 42.255
-0.443 -0.037 -0.006 -0.002 -0.024 0.008 42.265
-0.418 -0.036 -0.003 -0.002 -0.024 0.008 42.275
-0.370 -0.032 -0.000 -0.002 -0.024 0.008 42.285
-0.222 -0.030 0.001 -0.002 -0.024 0.008 42.295
-0.142 -0.030 0.003 -0.002 -0.024 0.008 42.305
-0.057 -0.030 0.002 -0.002 -0.024 0.008 42.315
0.031 -0.030 0.002 -0.002 -0.024 0.008 42.325
0.120 -0.030 0.003 -0.002 -0.024 0.008 42.335
0.208 -0.030 0.005 -0.002 -0.024 0.008 42.345
0.292 -0.029 0.005 -0.002 -0.024 0.008 42.355
0.369 -0.029 0.004 -0.002 -0.024 0.008 42.365
0.434 -0.027 0.004 -0.002 -0.024 0.008 42.375
0.461 -0.021 0.007 -0.002 -0.024 0.008 42.385
0.445 -0.019 0.009 -0.002 -0.024 0.008 42.395
0.410 -0.024 0.005 -0.002 -0.024 0.008 42.405
0.355 -0.029 0.002 -0.002 -0.024 0.008 42.415
0.284 -0.031 0.004 -0.002 -0.024 0.008 42.425
0.211 -0.030 0.005 -0.002 -0.024 0.008 42.435
0.140 -0.028 0.004 -0.002 -0.024 0.008 42.445
0.062 -0.027 0.003 -0.002 -0.024 0.008 42.455
-0.024 -0.028 0.005 -0.002 -0.024 0.008 42.465
-0.113 -0.029 0.004 -0.002 -0.024 0.008 42.475
-0.199 -0.031 0.002 -0.002 -0.024 0.008 42.485
-0.281 -0.030 0.001 -0.002 -0.024 0.008 42.495
-0.356 -0.030 0.002 -0.002 -0.024 0.008 42.505
-0.356 -0.030 0.002 -0.002 -0.024 0.008 42.515
-0.452 -0.035 -0.003 -0.002 -0.024 0.008 42.525
-0.446 -0.037 -0.006 -0.002 -0.024 0.008 42.535
-0.418 -0.035 -0.003 -0.002 -0.024 0.008 42.545
-0.364 -0.032 0.000 -0.002 -0.024 0.008 42.555
-0.291 -0.030 0.001 -0.002 -0.024 0.008 42.565
-0.212 -0.030 0.002 -0.002 -0.024 0.008 42.575
-0.132 -0.030 0.003 -0.002 -0.024 0.008 42.585
-0.047 -0.030 0.002 -0.002 -0.024 0.008 42.595
0.041 -0.030 0.002 -0.002 -0.024 0.008 42.605
0.131 -0.030 0.004 -0.002 -0.024 0.008 42.615
0.219 -0.030 0.005 -0.002 -0.024 0.008 42.625
0.303 -0.029 0.005 -0.002 -0.024 0.008 42.635
0.381 -0.029 0.004 -0.002 -0.024 0.008 42.645
0.445 -0.026 0.004 -0.002 -0.024 0.008 42.655
0.467 -0.021 0.008 -0.002 -0.024 0.008 42.665
0.449 -0.020 0.009 -0.002 -0.024 0.008 42.675
0.413 -0.025 0.004 -0.002 -0.024 0.008 42.685
0.354 -0.030 0.002 -0.002 -0.024 0.008 42.695
0.280 -0.031 0.005 -0.002 -0.024 0.008 42.705
0.209 -0.029 0.005 -0.002 -0.024 0.008 42.715
0.139 -0.028 0.003 -0.002 -0.024 0.008 42.725
0.061 -0.027 0.004 -0.002 -0.024 0.008 42.735
-0.026 -0.028 0.005 -0.002 -0.024 0.008 42.745
-0.115 -0.029 0.004 -0.002 -0.024 0.008 42.755
-0.202 -0.031 0.003 -0.002 -0.024 0.008 42.765
-0.284 -0.031 0.001 -0.002 -0.024 0.008 42.775
-0.360 -0.030 0.001 -0.002 -0.024 0.008 42.785
-0.424 -0.032 0.000 -0.002 -0.024 0.008 42.795
-0.458 -0.036 -0.003 -0.002 -0.024 0.008 42.805
-0.451 -0.038 -0.006 -0.002 -0.024 0.008 42.820
-0.423 -0.035 -0.002 -0.002 -0.024 0.008 42.833
-0.369 -0.031 0.001 -0.002 -0.024 0.008 42.844
-0.295 -0.030 0.001 -0.002 -0.024 0.008 42.854
-0.218 -0.030 0.002 -0.002 -0.024 0.008 42.864
-0.137 -0.030 0.003 -0.002 -0.024 0.008 42.874
-0.053 -0.031 0.002 -0.002 -0.024 0.008 42.884
0.035 -0.031 0.002 -0.002 -0.024 0.008 42.894
0.125 -0.030 0.003 -0.002 -0.024 0.008 42.904
0.213 -0.030 0.005 -0.002 -0.024 0.008 42.914
0.297 -0.030 0.005 -0.002 -0.024 0.008 42.924
0.375 -0.029 0.004 -0.002 -0.024 0.008 42.934
0.440 -0.027 0.004 -0.002 -0.024 0.008 42.944
0.465 -0.021 0.007 -0.002 -0.024 0.008 42.954
0.448 -0.020 0.009 -0.002 -0.024 0.008 42.964
0.412 -0.022 0.005 -0.002 -0.024 0.008 42.974
0.357 -0.025 0.004 -0.002 -0.024 0.008 42.984
0.293 -0.028 0.005 -0.002 -0.024 0.008 42.994
0.223 -0.031 0.004 -0.002 -0.024 0.008 43.004
0.145 -0.031 0.003 -0.002 -0.024 0.008 43.014
0.062 -0.028 0.003 -0.002 -0.024 0.008 43.024
-0.022 -0.027 0.004 -0.002 -0.024 0.008 43.034
-0.194 -0.030 0.004 -0.002 -0.024 0.008 43.044
-0.276 -0.031 0.002 -0.002 -0.024 0.008 43.054
-0.351 -0.031 0.001 -0.002 -0.024 0.008 43.064
-0.416 -0.031 0.001 -0.002 -0.024 0.008 43.074
-0.457 -0.035 -0.002 -0.002 -0.024 0.008 43.084
-0.453 -0.038 -0.006 -0.002 -0.024 0.008 43.094
-0.425 -0.037 -0.004 -0.002 -0.024 0.008 43.104
-0.377 -0.033 -0.000 -0.002 -0.024 0.008 43.114
-0.305 -0.031 0.001 -0.002 -0.024 0.008 43.124
-0.224 -0.031 0.002 -0.002 -0.024 0.008 43.135
-0.143 -0.031 0.002 -0.002 -0.024 0.008 43.145
-0.060 -0.031 0.002 -0.002 -0.024 0.008 43.155
0.027 -0.031 0.002 -0.002 -0.024 0.008 43.165
0.117 -0.031 0.002 -0.002 -0.024 0.008 43.175
0.207 -0.031 0.004 -0.002 -0.024 0.008 43.185
0.293 -0.030 0.006 -0.002 -0.024 0.008 43.195
0.375 -0.029 0.005 -0.002 -0.024 0.008 43.205
0.446 -0.027 0.003 -0.002 -0.024 0.008 43.215
0.480 -0.022 0.006 -0.002 -0.024 0.008 43.225
0.467 -0.019 0.009 -0.002 -0.024 0.008 43.235
0.434 -0.021 0.007 -0.002 -0.024 0.008 43.245
0.384 -0.023 0.005 -0.002 -0.024 0.008 43.255
0.320 -0.025 0.005 -0.002 -0.024 0.008 43.265
0.252 -0.028 0.005 -0.002 -0.024 0.008 43.275
0.181 -0.031 0.003 -0.002 -0.024 0.008 43.285
0.099 -0.032 0.003 -0.002 -0.024 0.008 43.295
0.010 -0.028 0.004 -0.002 -0.024 0.008 43.305
-0.075 -0.028 0.003 -0.002 -0.024 0.008 43.315
-0.160 -0.030 0.003 -0.002 -0.024 0.008 43.325
-0.243 -0.032 0.002 -0.002 -0.024 0.008 43.335
-0.321 -0.033 0.001 -0.002 -0.024 0.008 43.345
-0.394 -0.032 0.000 -0.002 -0.024 0.008 43.355
-0.453 -0.033 -0.001 -0.002 -0.024 0.008 43.365
-0.478 -0.037 -0.004 -0.002 -0.024 0.008 43.375
-0.464 -0.039 -0.005 -0.002 -0.024 0.008 43.385
-0.429 -0.036 -0.002 -0.002 -0.024 0.008 43.395
-0.371 -0.032 0.000 -0.002 -0.024 0.008 43.405
-0.296 -0.031 0.001 -0.002 -0.024 0.008 43.415
-0.216 -0.031 0.002 -0.002 -0.024 0.008 43.425
-0.134 -0.031 0.002 -0.002 -0.024 0.008 43.435
-0.049 -0.031 0.001 -0.002 -0.024 0.008 43.445
0.040 -0.031 0.001 -0.002 -0.024 0.008 43.455
0.131 -0.031 0.002 -0.002 -0.024 0.008 43.465
0.221 -0.031 0.003 -0.002 -0.024 0.008 43.475
0.307 -0.030 0.004 -0.002 -0.024 0.008 43.485
0.387 -0.030 0.003 -0.002 -0.024 0.008 43.495
0.454 -0.027 0.003 -0.002 -0.024 0.008 43.505
0.485 -0.022 0.006 -0.002 -0.024 0.008 43.515
0.471 -0.020 0.007 -0.002 -0.024 0.008 43.525
0.438 -0.024 0.004 -0.002 -0.024 0.008 43.535
0.384 -0.030 0.002 -0.002 -0.024 0.008 43.545
0.312 -0.031 0.003 -0.002 -0.024 0.008 43.555
0.236 -0.030 0.003 -0.002 -0.024 0.008 43.565
0.164 -0.029 0.002 -0.002 -0.024 0.008 43.575
0.088 -0.029 0.002 -0.002 -0.024 0.008 43.584
0.002 -0.029 0.004 -0.002 -0.024 0.008 43.593
0.002 -0.029 0.004 -0.002 -0.024 0.008 43.603
-0.088 -0.030 0.004 -0.002 -0.024 0.008 43.612
-0.176 -0.031 0.003 -0.002 -0.024 0.008 43.621
-0.259 -0.032 0.001 -0.002 -0.024 0.008 43.631
-0.337 -0.032 0.001 -0.002 -0.024 0.008 43.642
-0.407 -0.032 0.001 -0.002 -0.024 0.008 43.652
-0.457 -0.034 -0.002 -0.002 -0.024 0.008 43.661
-0.465 -0.038 -0.006 -0.002 -0.024 0.008 43.672
-0.442 -0.039 -0.005 -0.002 -0.024 0.008 43.681
-0.395 -0.035 -0.001 -0.002 -0.024 0.008 43.690
-0.324 -0.032 0.000 -0.002 -0.024 0.008 43.702
-0.243 -0.031 0.002 -0.002 -0.024 0.008 43.711
-0.161 -0.031 0.003 -0.002 -0.024 0.008 43.722
-0.077 -0.031 0.002 -0.002 -0.024 0.008 43.731
0.009 -0.031 0.001 -0.002 -0.024 0.008 43.741
0.097 -0.031 0.001 -0.002 -0.024 0.008 43.750
0.187 -0.031 0.003 -0.002 -0.024 0.008 43.760
0.271 -0.030 0.004 -0.002 -0.024 0.008 43.770
0.349 -0.029 0.003 -0.002 -0.024 0.008 43.780
0.417 -0.027 0.002 -0.002 -0.024 0.008 43.790
0.449 -0.022 0.005 -0.002 -0.024 0.008 43.800
0.433 -0.020 0.008 -0.002 -0.024 0.008 43.809
0.396 -0.024 0.004 -0.002 -0.024 0.008 43.820
0.340 -0.030 0.000 -0.002 -0.024 0.008 43.830
0.267 -0.032 0.002 -0.002 -0.024 0.008 43.840
0.195 -0.031 0.003 -0.002 -0.024 0.008 43.849
0.126 -0.030 0.002 -0.002 -0.024 0.008 43.860
0.050 -0.029 0.002 -0.002 -0.024 0.008 43.870
-0.037 -0.029 0.003 -0.002 -0.024 0.008 43.880
-0.125 -0.031 0.003 -0.002 -0.024 0.008 43.890
-0.207 -0.033 0.001 -0.002 -0.024 0.008 43.900
-0.284 -0.033 -0.000 -0.002 -0.024 0.008 43.910
-0.354 -0.033 -0.000 -0.002 -0.024 0.008 43.921
-0.409 -0.034 -0.002 -0.002 -0.024 0.008 43.931
-0.424 -0.038 -0.006 -0.002 -0.024 0.008 43.941
-0.406 -0.039 -0.006 -0.002 -0.024 0.008 43.950
-0.369 -0.035 -0.001 -0.002 -0.024 0.008 43.960
-0.307 -0.032 -0.001 -0.002 -0.024 0.008 43.970
-0.231 -0.031 -0.000 -0.002 -0.024 0.008 43.980
-0.152 -0.032 0.002 -0.002 -0.024 0.008 43.990
-0.069 -0.032 0.001 -0.002 -0.024 0.008 44.001
0.015 -0.031 0.000 -0.002 -0.024 0.008 44.010
0.103 -0.031 0.001 -0.002 -0.024 0.008 44.021
0.191 -0.031 0.002 -0.002 -0.024 0.008 44.030
0.273 -0.031 0.003 -0.002 -0.024 0.008 44.040
0.348 -0.029 0.003 -0.002 -0.024 0.008 44.051
0.412 -0.027 0.002 -0.002 -0.024 0.008 44.061
0.437 -0.022 0.005 -0.002 -0.024 0.008 44.070
0.420 -0.020 0.007 -0.002 -0.024 0.008 44.080
0.385 -0.025 0.002 -0.002 -0.024 0.008 44.090
0.329 -0.030 0.000 -0.002 -0.024 0.008 44.100
0.256 -0.031 0.003 -0.002 -0.024 0.008 44.110
0.186 -0.030 0.003 -0.002 -0.024 0.008 44.120
0.116 -0.029 0.001 -0.002 -0.024 0.008 44.130
0.037 -0.028 0.002 -0.002 -0.024 0.008 44.140
-0.052 -0.029 0.003 -0.002 -0.024 0.008 44.150
-0.139 -0.031 0.003 -0.002 -0.024 0.008 44.160
-0.222 -0.032 0.001 -0.002 -0.024 0.008 44.170
-0.299 -0.032 -0.000 -0.002 -0.024 0.008 44.180
-0.368 -0.032 -0.000 -0.002 -0.024 0.008 44.190
-0.420 -0.034 -0.002 -0.002 -0.024 0.008 44.201
-0.434 -0.038 -0.006 -0.002 -0.024 0.008 44.210
-0.416 -0.039 -0.006 -0.002 -0.024 0.008 44.220
-0.377 -0.035 -0.002 -0.002 -0.024 0.008 44.230
-0.312 -0.032 -0.001 -0.002 -0.024 0.008 44.240
-0.235 -0.031 -0.001 -0.002 -0.024 0.008 44.250
-0.155 -0.030 0.002 -0.002 -0.024 0.008 44.260
-0.073 -0.031 0.002 -0.002 -0.024 0.008 44.270
0.013 -0.031 0.001 -0.002 -0.024 0.008 44.280
0.100 -0.030 0.001 -0.002 -0.024 0.008 44.290
0.187 -0.029 0.003 -0.002 -0.024 0.008 44.300
0.271 -0.029 0.004 -0.002 -0.024 0.008 44.310
0.348 -0.029 0.003 -0.002 -0.024 0.008 44.320
0.410 -0.026 0.003 -0.002 -0.024 0.008 44.330
0.435 -0.021 0.006 -0.002 -0.024 0.008 44.340
0.419 -0.021 0.008 -0.002 -0.024 0.008 44.350
0.385 -0.025 0.003 -0.002 -0.024 0.008 44.360
0.328 -0.029 0.001 -0.002 -0.024 0.008 44.370
0.255 -0.029 0.003 -0.002 -0.024 0.008 44.380
0.186 -0.029 0.003 -0.002 -0.024 0.008 44.390
0.117 -0.029 0.002 -0.002 -0.024 0.008 44.400
0.037 -0.028 0.003 -0.002 -0.024 0.008 44.410
-0.051 -0.028 0.003 -0.002 -0.024 0.008 44.420
-0.138 -0.030 0.002 -0.002 -0.024 0.008 44.430
-0.222 -0.031 0.001 -0.002 -0.024 0.008 44.440
-0.300 -0.031 0.000 -0.002 -0.024 0.008 44.450
-0.370 -0.032 -0.000 -0.002 -0.024 0.008 44.460
-0.421 -0.034 -0.003 -0.002 -0.024 0.008 44.470
-0.434 -0.038 -0.007 -0.002 -0.024 0.008 44.480
-0.416 -0.038 -0.006 -0.002 -0.024 0.008 44.490
-0.375 -0.034 -0.001 -0.002 -0.024 0.008 44.500
-0.310 -0.031 -0.001 -0.002 -0.024 0.008 44.510
-0.235 -0.030 -0.001 -0.002 -0.024 0.008 44.520
-0.156 -0.030 0.001 -0.002 -0.024 0.008 44.530
-0.072 -0.031 0.001 -0.002 -0.024 0.008 44.540
0.014 -0.030 0.001 -0.002 -0.024 0.008 44.550
0.101 -0.029 0.001 -0.002 -0.024 0.008 44.560
0.188 -0.029 0.002 -0.002 -0.024 0.008 44.570
0.272 -0.029 0.003 -0.002 -0.024 0.008 44.580
0.348 -0.029 0.003 -0.002 -0.024 0.008 44.590
0.410 -0.026 0.003 -0.002 -0.024 0.008 44.600
0.435 -0.021 0.006 -0.002 -0.024 0.008 44.610
0.420 -0.020 0.008 -0.002 -0.024 0.008 44.620
0.386 -0.025 0.003 -0.002 -0.024 0.008 44.630
0.329 -0.029 0.001 -0.002 -0.024 0.008 44.640
0.257 -0.029 0.003 -0.002 -0.024 0.008 44.650
0.187 -0.028 0.003 -0.002 -0.024 0.008 44.660
0.118 -0.028 0.002 -0.002 -0.024 0.008 44.670
0.038 -0.027 0.003 -0.002 -0.024 0.008 44.680
-0.051 -0.027 0.003 -0.002 -0.024 0.008 44.690
-0.139 -0.029 0.002 -0.002 -0.024 0.008 44.700
-0.222 -0.031 0.001 -0.002 -0.024 0.008 44.710
-0.300 -0.031 0.000 -0.002 -0.024 0.008 44.720
-0.370 -0.031 -0.000 -0.002 -0.024 0.008 44.730
-0.422 -0.033 -0.002 -0.002 -0.024 0.008 44.740
-0.436 -0.037 -0.006 -0.002 -0.024 0.008 44.750
-0.417 -0.038 -0.006 -0.002 -0.024 0.008 44.760
-0.380 -0.034 -0.001 -0.002 -0.024 0.008 44.770
-0.317 -0.031 -0.001 -0.002 -0.024 0.008 44.780
-0.240 -0.030 -0.001 -0.002 -0.024 0.008 44.790
-0.160 -0.030 0.001 -0.002 -0.024 0.008 44.800
-0.078 -0.030 0.002 -0.002 -0.024 0.008 44.810
0.008 -0.030 0.001 -0.002 -0.024 0.008 44.820
0.097 -0.029 0.001 -0.002 -0.024 0.008 44.830
0.185 -0.029 0.003 -0.002 -0.024 0.008 44.840
0.269 -0.029 0.003 -0.002 -0.024 0.008 44.850
0.346 -0.028 0.003 -0.002 -0.024 0.008 44.860
0.411 -0.026 0.003 -0.002 -0.024 0.008 44.870
0.440 -0.021 0.006 -0.002 -0.024 0.008 44.880
0.425 -0.019 0.009 -0.002 -0.024 0.008 44.890
0.391 -0.023 0.003 -0.002 -0.024 0.008 44.900
0.335 -0.028 0.000 -0.002 -0.024 0.008 44.910
0.262 -0.030 0.003 -0.002 -0.024 0.008 44.920
0.191 -0.029 0.003 -0.002 -0.024 0.008 44.930
0.122 -0.028 0.002 -0.002 -0.024 0.008 44.940
0.041 -0.027 0.002 -0.002 -0.024 0.008 44.950
-0.048 -0.027 0.003 -0.002 -0.024 0.008 44.960
-0.135 -0.030 0.002 -0.002 -0.024 0.008 44.970
-0.219 -0.031 0.001 -0.002 -0.024 0.008 44.980
-0.298 -0.031 -0.000 -0.002 -0.024 0.008 44.990
-0.369 -0.031 -0.001 -0.002 -0.024 0.008 45.000
-0.424 -0.033 -0.002 -0.002 -0.024 0.008 45.010
-0.440 -0.037 -0.006 -0.002 -0.024 0.008 45.020
-0.423 -0.038 -0.006 -0.002 -0.024 0.008 45.030
-0.384 -0.035 -0.002 -0.002 -0.024 0.008 45.040
-0.321 -0.031 -0.001 -0.002 -0.024 0.008 45.050
-0.244 -0.030 -0.001 -0.002 -0.024 0.008 45.060
-0.164 -0.030 0.001 -0.002 -0.024 0.008 45.070
-0.081 -0.031 0.001 -0.002 -0.024 0.008 45.080
0.004 -0.030 0.001 -0.002 -0.024 0.008 45.090
0.092 -0.029 0.001 -0.002 -0.024 0.008 45.100
0.182 -0.029 0.002 -0.002 -0.024 0.008 45.110
0.266 -0.029 0.003 -0.002 -0.024 0.008 45.120
0.344 -0.028 0.003 -0.002 -0.024 0.008 45.130
0.410 -0.026 0.002 -0.002 -0.024 0.008 45.140
0.442 -0.021 0.005 -0.002 -0.024 0.008 45.150
0.430 -0.020 0.008 -0.002 -0.024 0.008 45.160
0.399 -0.024 0.003 -0.002 -0.024 0.008 45.170
0.346 -0.029 0.000 -0.002 -0.024 0.008 45.180
0.274 -0.029 0.002 -0.002 -0.024 0.008 45.190
0.202 -0.029 0.002 -0.002 -0.024 0.008 45.200
0.133 -0.029 0.002 -0.002 -0.024 0.008 45.210
0.054 -0.028 0.002 -0.002 -0.024 0.008 45.220
-0.034 -0.028 0.003 -0.002 -0.024 0.008 45.230
-0.123 -0.029 0.001 -0.002 -0.024 0.008 45.240
-0.208 -0.031 0.000 -0.002 -0.024 0.008 45.250
-0.287 -0.032 0.000 -0.002 -0.024 0.008 45.260
-0.359 -0.032 -0.000 -0.002 -0.024 0.008 45.271
-0.418 -0.033 -0.002 -0.002 -0.024 0.008 45.280
-0.443 -0.037 -0.006 -0.002 -0.024 0.008 45.291
-0.430 -0.039 -0.007 -0.002 -0.024 0.008 45.301
-0.397 -0.036 -0.003 -0.002 -0.024 0.008 45.311
-0.340 -0.032 -0.001 -0.002 -0.024 0.008 45.321
-0.264 -0.030 -0.002 -0.002 -0.024 0.008 45.331
-0.185 -0.031 0.000 -0.002 -0.024 0.008 45.341
-0.104 -0.031 0.001 -0.002 -0.024 0.008 45.350
-0.018 -0.031 0.000 -0.002 -0.024 0.008 45.361
0.071 -0.030 0.000 -0.002 -0.024 0.008 45.371
0.161 -0.029 0.002 -0.002 -0.024 0.008 45.381
0.247 -0.029 0.002 -0.002 -0.024 0.008 45.391
0.328 -0.029 0.002 -0.002 -0.024 0.008 45.401
0.401 -0.028 0.002 -0.002 -0.024 0.008 45.411
0.450 -0.024 0.004 -0.002 -0.024 0.008 45.420
0.450 -0.020 0.008 -0.002 -0.024 0.008 45.431
0.423 -0.020 0.005 -0.002 -0.024 0.008 45.441
0.376 -0.026 -0.000 -0.002 -0.024 0.008 45.450
0.308 -0.030 0.002 -0.002 -0.024 0.008 45.461
0.234 -0.030 0.004 -0.002 -0.024 0.008 45.471
0.164 -0.029 0.002 -0.002 -0.024 0.008 45.481
0.090 -0.027 0.001 -0.002 -0.024 0.008 45.490
0.005 -0.027 0.002 -0.002 -0.024 0.008 45.500
-0.083 -0.029 0.002 -0.002 -0.024 0.008 45.510
-0.169 -0.031 0.002 -0.002 -0.024 0.008 45.520
-0.251 -0.031 -0.000 -0.002 -0.024 0.008 45.530
-0.327 -0.031 -0.001 -0.002 -0.024 0.008 45.540
-0.394 -0.032 -0.001 -0.002 -0.024 0.008 45.550
-0.440 -0.035 -0.003 -0.002 -0.024 0.008 45.560
-0.445 -0.038 -0.008 -0.002 -0.024 0.008 45.570
-0.376 -0.033 -0.002 -0.002 -0.024 0.008 45.581
-0.376 -0.033 -0.002 -0.002 -0.024 0.008 45.590
-0.306 -0.031 -0.002 -0.002 -0.024 0.008 45.600
-0.227 -0.030 -0.001 -0.002 -0.024 0.008 45.610
-0.147 -0.030 0.001 -0.002 -0.024 0.008 45.620
-0.063 -0.031 0.001 -0.002 -0.024 0.008 45.630
0.025 -0.030 -0.000 -0.002 -0.024 0.008 45.640
0.114 -0.030 0.001 -0.002 -0.024 0.008 45.650
0.202 -0.030 0.002 -0.002 -0.024 0.008 45.660
0.286 -0.029 0.003 -0.002 -0.024 0.008 45.670
0.363 -0.028 0.002 -0.002 -0.024 0.008 45.680
0.428 -0.026 0.002 -0.002 -0.024 0.008 45.690
0.454 -0.021 0.005 -0.002 -0.024 0.008 45.700
0.439 -0.020 0.007 -0.002 -0.024 0.008 45.710
0.403 -0.024 0.002 -0.002 -0.024 0.008 45.720
0.346 -0.029 -0.000 -0.002 -0.024 0.008 45.730
0.274 -0.029 0.002 -0.002 -0.024 0.008 45.740
0.204 -0.029 0.002 -0.002 -0.024 0.008 45.750
0.135 -0.029 0.001 -0.002 -0.024 0.008 45.760
0.056 -0.027 0.002 -0.002 -0.024 0.008 45.770
-0.032 -0.028 0.002 -0.002 -0.024 0.008 45.780
-0.121 -0.030 0.001 -0.002 -0.024 0.008 45.790
-0.207 -0.032 0.000 -0.002 -0.024 0.008 45.800
-0.287 -0.032 -0.000 -0.002 -0.024 0.008 45.810
-0.359 -0.032 -0.001 -0.002 -0.024 0.008 45.820
-0.419 -0.033 -0.002 -0.002 -0.024 0.008 45.830
-0.447 -0.037 -0.006 -0.002 -0.024 0.008 45.840
-0.436 -0.039 -0.008 -0.002 -0.024 0.008 45.850
-0.404 -0.036 -0.003 -0.002 -0.024 0.008 45.860
-0.347 -0.032 -0.002 -0.002 -0.024 0.008 45.870
-0.272 -0.031 -0.002 -0.002 -0.024 0.008 45.880
-0.193 -0.031 0.000 -0.002 -0.024 0.008 45.890
-0.111 -0.031 0.001 -0.002 -0.024 0.008 45.900
-0.025 -0.031 0.000 -0.002 -0.024 0.008 45.910
0.064 -0.030 0.000 -0.002 -0.024 0.008 45.920
0.155 -0.030 0.001 -0.002 -0.024 0.008 45.930
0.242 -0.029 0.003 -0.002 -0.024 0.008 45.940
0.325 -0.029 0.003 -0.002 -0.024 0.008 45.950
0.399 -0.028 0.001 -0.002 -0.024 0.008 45.960
0.452 -0.024 0.002 -0.002 -0.024 0.008 45.970
0.458 -0.019 0.007 -0.002 -0.024 0.008 45.980
0.436 -0.022 0.005 -0.002 -0.024 0.008 45.990
0.393 -0.028 0.001 -0.002 -0.024 0.008 46.000
0.325 -0.030 0.001 -0.002 -0.024 0.008 46.010
0.182 -0.029 0.001 -0.002 -0.024 0.008 46.020
0.182 -0.029 0.001 -0.002 -0.024 0.008 46.030
0.025 -0.028 0.002 -0.002 -0.024 0.008 46.040
-0.065 -0.028 0.002 -0.002 -0.024 0.008 46.050
-0.154 -0.030 0.001 -0.002 -0.024 0.008 46.060
-0.239 -0.032 0.000 -0.002 -0.024 0.008 46.070
-0.318 -0.033 -0.000 -0.002 -0.024 0.008 46.080
-0.388 -0.032 -0.001 -0.002 -0.024 0.008 46.090
-0.388 -0.032 -0.001 -0.002 -0.024 0.008 46.100
-0.457 -0.038 -0.007 -0.002 -0.024 0.008 46.110
-0.439 -0.039 -0.006 -0.002 -0.024 0.008 46.120
-0.400 -0.035 -0.002 -0.002 -0.024 0.008 46.130
-0.338 -0.032 -0.002 -0.002 -0.024 0.008 46.140
-0.261 -0.031 -0.002 -0.002 -0.024 0.008 46.150
-0.182 -0.031 0.000 -0.002 -0.024 0.008 46.160
-0.099 -0.031 0.000 -0.002 -0.024 0.008 46.170
-0.011 -0.031 -0.000 -0.002 -0.024 0.008 46.180
0.079 -0.030 0.000 -0.002 -0.024 0.008 46.190
0.170 -0.030 0.001 -0.002 -0.024 0.008 46.200
0.257 -0.029 0.002 -0.002 -0.024 0.008 46.210
0.339 -0.029 0.002 -0.002 -0.024 0.008 46.220
0.412 -0.028 0.002 -0.002 -0.024 0.008 46.230
0.463 -0.024 0.003 -0.002 -0.024 0.008 46.240
0.465 -0.020 0.008 -0.002 -0.024 0.008 46.250
0.437 -0.020 0.005 -0.002 -0.024 0.008 46.260
0.391 -0.026 -0.001 -0.002 -0.024 0.008 46.270
0.324 -0.030 0.001 -0.002 -0.024 0.008 46.280
0.250 -0.030 0.003 -0.002 -0.024 0.008 46.290
0.181 -0.029 0.002 -0.002 -0.024 0.008 46.300
0.107 -0.028 0.000 -0.002 -0.024 0.008 46.310
0.024 -0.028 0.001 -0.002 -0.024 0.008 46.320
-0.065 -0.029 0.003 -0.002 -0.024 0.008 46.330
-0.154 -0.030 0.002 -0.002 -0.024 0.008 46.340
-0.238 -0.031 -0.000 -0.002 -0.024 0.008 46.350
-0.315 -0.032 -0.001 -0.002 -0.024 0.008 46.360
-0.385 -0.032 -0.001 -0.002 -0.024 0.008 46.370
-0.439 -0.034 -0.002 -0.002 -0.024 0.008 46.380
-0.457 -0.038 -0.007 -0.002 -0.024 0.008 46.390
-0.441 -0.039 -0.007 -0.002 -0.024 0.008 46.400
-0.403 -0.035 -0.002 -0.002 -0.024 0.008 46.410
-0.340 -0.032 -0.002 -0.002 -0.024 0.008 46.420
-0.264 -0.031 -0.002 -0.002 -0.024 0.008 46.430
-0.185 -0.031 0.001 -0.002 -0.024 0.008 46.440
-0.103 -0.031 0.000 -0.002 -0.024 0.008 46.450
-0.015 -0.031 -0.000 -0.002 -0.024 0.008 46.460
0.075 -0.030 -0.000 -0.002 -0.024 0.008 46.470
0.166 -0.030 0.001 -0.002 -0.024 0.008 46.480
0.254 -0.030 0.002 -0.002 -0.024 0.008 46.490
0.336 -0.029 0.002 -0.002 -0.024 0.008 46.500
0.410 -0.028 0.001 -0.002 -0.024 0.008 46.510
0.464 -0.025 0.002 -0.002 -0.024 0.008 46.520
0.471 -0.020 0.007 -0.002 -0.024 0.008 46.530
0.445 -0.020 0.005 -0.002 -0.024 0.008 46.540
0.402 -0.026 -0.001 -0.002 -0.024 0.008 46.550
0.336 -0.030 0.000 -0.002 -0.024 0.008 46.560
0.262 -0.030 0.003 -0.002 -0.024 0.008 46.570
0.193 -0.029 0.002 -0.002 -0.024 0.008 46.580
0.119 -0.028 0.000 -0.002 -0.024 0.008 46.590
0.037 -0.028 0.001 -0.002 -0.024 0.008 46.600
-0.052 -0.029 0.002 -0.002 -0.024 0.008 46.610
-0.142 -0.031 0.001 -0.002 -0.024 0.008 46.620
-0.227 -0.031 -0.000 -0.002 -0.024 0.008 46.630
-0.306 -0.032 -0.001 -0.002 -0.024 0.008 46.640
-0.378 -0.033 -0.001 -0.002 -0.024 0.008 46.650
-0.437 -0.034 -0.002 -0.002 -0.024 0.008 46.660
-0.463 -0.038 -0.006 -0.002 -0.024 0.008 46.670
-0.451 -0.039 -0.008 -0.002 -0.024 0.008 46.680
-0.416 -0.037 -0.003 -0.002 -0.024 0.008 46.690
-0.358 -0.033 -0.002 -0.002 -0.024 0.008 46.700
-0.284 -0.031 -0.002 -0.002 -0.024 0.008 46.710
-0.206 -0.031 -0.000 -0.002 -0.024 0.008 46.720
-0.124 -0.032 0.000 -0.002 -0.024 0.008 46.730
-0.038 -0.032 -0.001 -0.002 -0.024 0.008 46.740
0.052 -0.031 -0.001 -0.002 -0.024 0.008 46.750
0.143 -0.030 0.001 -0.002 -0.024 0.008 46.760
0.232 -0.030 0.002 -0.002 -0.024 0.008 46.770
0.317 -0.029 0.002 -0.002 -0.024 0.008 46.780
0.393 -0.028 0.001 -0.002 -0.024 0.008 46.790
0.455 -0.026 0.001 -0.002 -0.024 0.008 46.800
0.476 -0.021 0.006 -0.002 -0.024 0.008 46.810
0.455 -0.020 0.007 -0.002 -0.024 0.008 46.820
0.417 -0.024 0.001 -0.002 -0.024 0.008 46.830
0.356 -0.029 -0.001 -0.002 -0.024 0.008 46.840
0.282 -0.031 0.002 -0.002 -0.024 0.008 46.850
0.211 -0.030 0.002 -0.002 -0.024 0.008 46.860
0.140 -0.029 0.000 -0.002 -0.024 0.008 46.870
0.059 -0.028 0.001 -0.002 -0.024 0.008 46.880
-0.029 -0.029 0.002 -0.002 -0.024 0.008 46.890
-0.120 -0.031 0.001 -0.002 -0.024 0.008 46.900
-0.208 -0.031 -0.000 -0.002 -0.024 0.008 46.910
-0.290 -0.032 -0.001 -0.002 -0.024 0.008 46.920
-0.364 -0.033 -0.001 -0.002 -0.024 0.008 46.930
-0.427 -0.034 -0.002 -0.002 -0.024 0.008 46.940
-0.465 -0.037 -0.005 -0.002 -0.024 0.008 46.950
-0.461 -0.039 -0.008 -0.002 -0.024 0.008 46.960
-0.432 -0.038 -0.004 -0.002 -0.024 0.008 46.970
-0.380 -0.034 -0.002 -0.002 -0.024 0.008 46.980
-0.310 -0.031 -0.002 -0.002 -0.024 0.008 46.990
-0.233 -0.031 -0.001 -0.002 -0.024 0.008 47.000
-0.152 -0.032 0.000 -0.002 -0.024 0.008 47.010
-0.066 -0.032 -0.001 -0.002 -0.024 0.008 47.020
0.022 -0.031 -0.001 -0.002 -0.024 0.008 47.030
0.113 -0.030 0.000 -0.002 -0.024 0.008 47.040
0.204 -0.030 0.001 -0.002 -0.024 0.008 47.050
0.290 -0.030 0.002 -0.002 -0.024 0.008 47.060
0.369 -0.029 0.001 -0.002 -0.024 0.008 47.070
0.437 -0.026 0.001 -0.002 -0.024 0.008 47.080
0.475 -0.022 0.004 -0.002 -0.024 0.008 47.090
0.465 -0.020 0.007 -0.002 -0.024 0.008 47.100
0.432 -0.023 0.003 -0.002 -0.024 0.008 47.110
0.377 -0.029 -0.001 -0.002 -0.024 0.008 47.120
0.304 -0.029 0.001 -0.002 -0.024 0.008 47.130
0.231 -0.029 0.001 -0.002 -0.024 0.008 47.140
0.162 -0.029 0.001 -0.002 -0.024 0.008 47.150
0.084 -0.028 0.001 -0.002 -0.024 0.008 47.160
-0.003 -0.028 0.002 -0.002 -0.024 0.008 47.170
-0.094 -0.030 0.001 -0.002 -0.024 0.008 47.180
-0.184 -0.031 0.000 -0.002 -0.024 0.008 47.190
-0.268 -0.032 -0.000 -0.002 -0.024 0.008 47.200
-0.345 -0.033 -0.001 -0.002 -0.024 0.008 47.210
-0.413 -0.033 -0.002 -0.002 -0.024 0.008 47.220
-0.470 -0.034 -0.003 -0.002 -0.024 0.008 47.230
-0.498 -0.038 -0.006 -0.002 -0.024 0.008 47.240
-0.486 -0.040 -0.008 -0.002 -0.024 0.008 47.250
-0.446 -0.038 -0.005 -0.002 -0.024 0.008 47.260
-0.381 -0.034 -0.002 -0.002 -0.024 0.008 47.270
-0.304 -0.030 0.000 -0.002 -0.024 0.008 47.280
-0.223 -0.030 0.001 -0.002 -0.024 0.008 47.290
-0.139 -0.031 -0.000 -0.002 -0.024 0.008 47.300
-0.055 -0.032 -0.001 -0.002 -0.024 0.008 47.310
0.033 -0.031 -0.001 -0.002 -0.024 0.008 47.320
0.125 -0.031 0.000 -0.002 -0.024 0.008 47.330
0.219 -0.030 0.001 -0.002 -0.024 0.008 47.340
0.307 -0.030 0.002 -0.002 -0.024 0.008 47.350
0.389 -0.029 0.001 -0.002 -0.024 0.008 47.360
0.457 -0.026 0.001 -0.002 -0.024 0.008 47.370
0.485 -0.020 0.005 -0.002 -0.024 0.008 47.380
0.470 -0.019 0.007 -0.002 -0.024 0.008 47.390
0.437 -0.024 0.001 -0.002 -0.024 0.008 47.400
0.379 -0.030 -0.001 -0.002 -0.024 0.008 47.410
0.306 -0.030 0.002 -0.002 -0.024 0.008 47.420
0.235 -0.030 0.001 -0.002 -0.024 0.008 47.430
0.165 -0.029 -0.000 -0.002 -0.024 0.008 47.440
0.084 -0.028 0.001 -0.002 -0.024 0.008 47.450
-0.002 -0.029 0.002 -0.002 -0.024 0.008 47.460
-0.092 -0.031 0.001 -0.002 -0.024 0.008 47.470
-0.183 -0.031 -0.000 -0.002 -0.024 0.008 47.480
-0.269 -0.031 -0.001 -0.002 -0.024 0.008 47.490
-0.346 -0.032 -0.001 -0.002 -0.024 0.008 47.500
-0.414 -0.033 -0.001 -0.002 -0.024 0.008 47.510
-0.469 -0.035 -0.003 -0.002 -0.024 0.008 47.520
-0.500 -0.037 -0.005 -0.002 -0.024 0.008 47.530
-0.490 -0.039 -0.008 -0.002 -0.024 0.008 47.540
-0.450 -0.038 -0.005 -0.002 -0.024 0.008 47.550
-0.386 -0.035 -0.002 -0.002 -0.024 0.008 47.560
-0.312 -0.031 -0.000 -0.002 -0.024 0.008 47.570
-0.232 -0.030 0.000 -0.002 -0.024 0.008 47.581
-0.147 -0.032 -0.000 -0.002 -0.024 0.008 47.590
-0.063 -0.032 -0.001 -0.002 -0.024 0.008 47.600
0.024 -0.031 -0.001 -0.002 -0.024 0.008 47.610
0.117 -0.031 -0.000 -0.002 -0.024 0.008 47.620
0.212 -0.031 0.001 -0.002 -0.024 0.008 47.630
0.301 -0.031 0.002 -0.002 -0.024 0.008 47.640
0.383 -0.029 0.002 -0.002 -0.024 0.008 47.650
0.454 -0.026 0.001 -0.002 -0.024 0.008 47.660
0.490 -0.021 0.004 -0.002 -0.024 0.008 47.670
0.478 -0.019 0.007 -0.002 -0.024 0.008 47.680
0.445 -0.023 0.001 -0.002 -0.024 0.008 47.690
0.390 -0.029 -0.001 -0.002 -0.024 0.008 47.700
0.318 -0.031 0.001 -0.002 -0.024 0.008 47.710
0.245 -0.030 0.001 -0.002 -0.024 0.008 47.720
0.175 -0.029 -0.000 -0.002 -0.024 0.008 47.730
0.097 -0.029 0.000 -0.002 -0.024 0.008 47.740
0.011 -0.029 0.001 -0.002 -0.024 0.008 47.750
-0.078 -0.031 0.001 -0.002 -0.024 0.008 47.760
-0.164 -0.032 -0.000 -0.002 -0.024 0.008 47.770
-0.244 -0.032 -0.002 -0.002 -0.024 0.008 47.780
-0.316 -0.033 -0.001 -0.002 -0.024 0.008 47.789
-0.373 -0.035 -0.002 -0.002 -0.024 0.008 47.800
-0.392 -0.039 -0.007 -0.002 -0.024 0.008 47.810
-0.376 -0.040 -0.008 -0.002 -0.024 0.008 47.820
-0.338 -0.037 -0.003 -0.002 -0.024 0.008 47.830
-0.275 -0.033 -0.002 -0.002 -0.024 0.008 47.840
-0.199 -0.031 -0.002 -0.002 -0.024 0.008 47.850
-0.120 -0.032 -0.000 -0.002 -0.024 0.008 47.860
-0.039 -0.032 -0.000 -0.002 -0.024 0.008 47.870
0.044 -0.031 -0.001 -0.002 -0.024 0.008 47.880
0.125 -0.030 -0.000 -0.002 -0.024 0.008 47.889
0.205 -0.030 0.001 -0.002 -0.024 0.008 47.900
0.279 -0.030 0.001 -0.002 -0.024 0.008 47.910
0.341 -0.028 0.000 -0.002 -0.024 0.008 47.920
0.368 -0.022 0.003 -0.002 -0.024 0.008 47.930
0.353 -0.020 0.005 -0.002 -0.024 0.008 47.940
0.322 -0.025 0.001 -0.002 -0.024 0.008 47.950
0.267 -0.031 -0.000 -0.002 -0.024 0.008 47.960
0.197 -0.031 0.001 -0.002 -0.024 0.008 47.970
0.127 -0.030 -0.000 -0.002 -0.024 0.008 47.980
0.056 -0.029 -0.000 -0.002 -0.024 0.008 47.990
-0.024 -0.030 0.001 -0.002 -0.024 0.008 48.000
-0.106 -0.031 0.001 -0.002 -0.024 0.008 48.010
-0.182 -0.033 -0.001 -0.002 -0.024 0.008 48.020
-0.253 -0.034 -0.002 -0.002 -0.024 0.008 48.029
-0.317 -0.034 -0.002 -0.002 -0.024 0.008 48.040
-0.358 -0.037 -0.004 -0.002 -0.024 0.008 48.050
-0.358 -0.040 -0.008 -0.002 -0.024 0.008 48.060
-0.334 -0.039 -0.006 -0.002 -0.024 0.008 48.070
-0.288 -0.035 -0.002 -0.002 -0.024 0.008 48.080
-0.222 -0.032 -0.002 -0.002 -0.024 0.008 48.090
-0.146 -0.032 -0.002 -0.002 -0.024 0.008 48.100
-0.067 -0.032 -0.001 -0.002 -0.024 0.008 48.110
0.014 -0.032 -0.001 -0.002 -0.024 0.008 48.120
0.095 -0.031 -0.001 -0.002 -0.024 0.008 48.129
0.174 -0.030 0.000 -0.002 -0.024 0.008 48.140
0.248 -0.030 0.001 -0.002 -0.024 0.008 48.149
0.316 -0.029 0.000 -0.002 -0.024 0.008 48.160
0.358 -0.025 0.001 -0.002 -0.024 0.008 48.169
0.354 -0.021 0.005 -0.002 -0.024 0.008 48.180
0.331 -0.023 0.002 -0.002 -0.024 0.008 48.189
0.291 -0.030 -0.001 -0.002 -0.024 0.008 48.201
0.226 -0.032 0.001 -0.002 -0.024 0.008 48.210
0.157 -0.030 0.001 -0.002 -0.024 0.008 48.220
0.087 -0.029 -0.001 -0.002 -0.024 0.008 48.230
0.009 -0.030 -0.000 -0.002 -0.024 0.008 48.239
-0.073 -0.032 0.001 -0.002 -0.024 0.008 48.251
-0.151 -0.034 0.000 -0.002 -0.024 0.008 48.260
-0.225 -0.033 -0.002 -0.002 -0.024 0.008 48.271
-0.292 -0.033 -0.002 -0.002 -0.024 0.008 48.281
-0.345 -0.036 -0.002 -0.002 -0.024 0.008 48.290
-0.367 -0.040 -0.006 -0.002 -0.024 0.008 48.300
-0.355 -0.040 -0.008 -0.002 -0.024 0.008 48.311
-0.322 -0.037 -0.004 -0.002 -0.024 0.008 48.321
-0.265 -0.034 -0.002 -0.002 -0.024 0.008 48.331
-0.191 -0.033 -0.002 -0.002 -0.024 0.008 48.340
-0.113 -0.033 -0.001 -0.002 -0.024 0.008 48.351
-0.033 -0.032 -0.001 -0.002 -0.024 0.008 48.361
0.049 -0.032 -0.001 -0.002 -0.024 0.008 48.369
0.130 -0.031 -0.001 -0.002 -0.024 0.008 48.381
0.208 -0.031 0.000 -0.002 -0.024 0.008 48.391
0.280 -0.030 0.001 -0.002 -0.024 0.008 48.401
0.342 -0.028 -0.000 -0.002 -0.024 0.008 48.411
0.369 -0.023 0.002 -0.002 -0.024 0.008 48.421
0.355 -0.021 0.005 -0.002 -0.024 0.008 48.431
0.325 -0.026 0.001 -0.002 -0.024 0.008 48.439
0.272 -0.031 -0.001 -0.002 -0.024 0.008 48.451
0.202 -0.032 0.001 -0.002 -0.024 0.008 48.461
0.132 -0.031 -0.001 -0.002 -0.024 0.008 48.471
0.061 -0.030 -0.001 -0.002 -0.024 0.008 48.481
-0.020 -0.031 0.001 -0.002 -0.024 0.008 48.491
-0.102 -0.032 0.001 -0.002 -0.024 0.008 48.501
-0.180 -0.034 -0.001 -0.002 -0.024 0.008 48.509
-0.252 -0.034 -0.002 -0.002 -0.024 0.008 48.521
-0.317 -0.034 -0.001 -0.002 -0.024 0.008 48.531
-0.361 -0.037 -0.003 -0.002 -0.024 0.008 48.540
-0.367 -0.040 -0.008 -0.002 -0.024 0.008 48.551
-0.346 -0.040 -0.007 -0.002 -0.024 0.008 48.561
-0.302 -0.036 -0.003 -0.002 -0.024 0.008 48.571
-0.237 -0.034 -0.002 -0.002 -0.024 0.008 48.580
-0.162 -0.033 -0.002 -0.002 -0.024 0.008 48.591
-0.083 -0.033 -0.001 -0.002 -0.024 0.008 48.600
-0.002 -0.033 -0.001 -0.002 -0.024 0.008 48.611
0.080 -0.032 -0.001 -0.002 -0.024 0.008 48.621
0.160 -0.031 -0.000 -0.002 -0.024 0.008 48.631
0.236 -0.031 0.000 -0.002 -0.024 0.008 48.639
0.307 -0.030 -0.000 -0.002 -0.024 0.008 48.651
0.366 -0.029 -0.001 -0.002 -0.024 0.008 48.661
0.393 -0.023 0.002 -0.002 -0.024 0.008 48.671
0.378 -0.021 0.005 -0.002 -0.024 0.008 48.681
0.343 -0.025 0.002 -0.002 -0.024 0.008 48.691
0.285 -0.031 -0.001 -0.002 -0.024 0.008 48.701
0.211 -0.032 -0.000 -0.002 -0.024 0.008 48.711
0.137 -0.032 -0.001 -0.002 -0.024 0.008 48.721
0.065 -0.031 -0.001 -0.002 -0.024 0.008 48.731
-0.014 -0.030 -0.000 -0.002 -0.024 0.008 48.741
-0.099 -0.031 0.001 -0.002 -0.024 0.008 48.751
-0.179 -0.034 -0.001 -0.002 -0.024 0.008 48.761
-0.254 -0.035 -0.002 -0.002 -0.024 0.008 48.771
-0.321 -0.035 -0.002 -0.002 -0.024 0.008 48.782
-0.371 -0.037 -0.003 -0.002 -0.024 0.008 48.792
-0.380 -0.040 -0.008 -0.002 -0.024 0.008 48.803
-0.359 -0.041 -0.007 -0.002 -0.024 0.008 48.814
-0.316 -0.037 -0.003 -0.002 -0.024 0.008 48.825