r_disturb p_disturb y_disturb r_out p_out y_out y_ref p_ref r_ref time
-0.04 -0.13 0.04 -0.01 0.09 -0.06 0.00 0.00 0.00 90.864
-0.03 -0.13 0.03 0.00 0.10 -0.06 0.00 0.00 0.00 90.888
-0.03 -0.12 0.03 -0.05 0.09 0.08 0.00 0.00 0.00 90.941
-0.03 -0.12 0.03 -0.11 0.09 0.08 0.00 0.00 0.00 90.955
-0.03 -0.11 0.03 -0.11 0.08 0.08 0.00 0.00 0.00 90.970
-0.03 -0.11 0.03 -0.14 0.07 0.08 0.00 0.00 0.00 91.003
-0.02 -0.09 0.01 -0.04 0.06 0.08 0.00 0.00 0.00 91.041
-0.02 -0.05 -0.01 -0.06 0.03 0.05 0.00 0.00 0.00 91.102
-0.02 -0.03 -0.01 0.05 0.01 0.04 0.00 0.00 0.00 91.135
-0.02 -0.02 -0.02 0.06 0.00 0.04 0.00 0.00 0.00 91.168
-0.02 -0.01 -0.03 0.02 -0.00 0.04 0.00 0.00 0.00 91.203
-0.03 -0.00 -0.03 -0.03 -0.00 0.04 0.00 0.00 0.00 91.235
-0.03 -0.00 -0.04 -0.06 -0.01 0.04 0.00 0.00 0.00 91.267
-0.03 0.00 -0.04 -0.09 -0.01 0.04 0.00 0.00 0.00 91.300
-0.03 0.01 -0.05 -0.09 -0.01 0.04 0.00 0.00 0.00 91.336
-0.03 0.02 -0.06 -0.11 -0.01 0.04 0.00 0.00 0.00 91.372
-0.03 0.03 -0.06 -0.05 -0.01 0.04 0.00 0.00 0.00 91.400
-0.03 0.04 -0.07 0.01 -0.02 0.04 0.00 0.00 0.00 91.437
-0.03 0.06 -0.09 0.03 -0.02 0.04 0.00 0.00 0.00 91.468
-0.04 0.07 -0.10 0.02 -0.02 0.04 0.00 0.00 0.00 91.500
-0.04 0.09 -0.11 0.01 -0.02 0.03 0.00 0.00 0.00 91.540
-0.04 0.10 -0.13 0.02 -0.02 0.03 0.00 0.00 0.00 91.567
-0.04 0.11 -0.14 0.03 -0.02 0.03 0.00 0.00 0.00 91.600
-0.03 0.12 -0.17 -0.01 -0.01 0.02 0.00 0.00 0.00 91.634
-0.03 0.13 -0.19 -0.04 -0.01 0.01 0.00 0.00 0.00 91.670
-0.01 0.13 -0.21 -0.01 -0.01 0.00 0.00 0.00 0.00 91.704
-0.01 0.12 -0.23 -0.02 0.00 -0.01 0.00 0.00 0.00 91.736
0.01 0.11 -0.24 -0.01 0.01 -0.01 0.00 0.00 0.00 91.772
0.02 0.10 -0.25 0.00 0.03 -0.02 0.00 0.00 0.00 91.802
0.02 0.08 -0.26 -0.01 0.04 -0.03 0.00 0.00 0.00 91.836
0.03 0.07 -0.27 -0.01 0.06 -0.02 0.00 0.00 0.00 91.870
0.03 0.04 -0.28 0.01 0.08 -0.02 0.00 0.00 0.00 91.904
0.04 0.02 -0.28 0.01 0.10 -0.02 0.00 0.00 0.00 91.933
0.04 -0.01 -0.26 0.10 0.11 -0.01 0.00 0.00 0.00 91.967
0.04 -0.05 -0.24 0.03 0.12 -0.00 0.00 0.00 0.00 92.003
0.03 -0.08 -0.23 0.04 0.12 0.00 0.00 0.00 0.00 92.036
0.03 -0.10 -0.21 0.00 0.12 0.30 0.30 0.00 0.00 92.068
0.02 -0.13 -0.18 0.01 0.11 0.31 0.30 0.00 0.00 92.101
0.01 -0.16 -0.17 0.05 0.10 0.32 0.30 0.00 0.00 92.134
-0.07 -0.18 -0.06 0.06 0.08 0.12 0.30 0.00 0.00 92.268
-0.09 -0.18 -0.04 0.02 0.08 0.12 0.30 0.00 0.00 92.301
-0.11 -0.18 -0.01 0.02 0.08 0.11 0.30 0.00 0.00 92.335
-0.14 -0.17 0.02 -0.04 0.07 0.10 0.30 0.00 0.00 92.369
-0.17 -0.16 0.04 -0.09 0.06 0.11 0.30 0.00 0.00 92.401
-0.19 -0.14 0.06 -0.04 0.05 0.10 0.30 0.00 0.00 92.434
-0.21 -0.11 0.08 -0.03 0.03 0.10 0.30 0.00 0.00 92.467
-0.24 -0.07 0.08 -0.03 0.01 0.11 0.30 0.00 0.00 92.508
-0.26 -0.04 0.08 -0.05 -0.02 0.10 0.30 0.00 0.00 92.540
-0.28 0.00 0.07 -0.01 -0.05 0.10 0.30 0.00 0.00 92.572
-0.29 0.03 0.05 -0.02 -0.07 0.09 0.30 0.00 0.00 92.604
-0.29 0.06 0.03 -0.06 -0.08 0.07 0.30 0.00 0.00 92.639
-0.30 0.09 -0.00 -0.05 -0.07 0.05 0.30 0.00 0.00 92.669
-0.30 0.12 -0.04 -0.01 -0.06 0.03 0.30 0.00 0.00 92.703
-0.30 0.13 -0.07 -0.01 -0.06 0.02 0.30 0.00 0.00 92.735
-0.30 0.15 -0.10 0.02 -0.04 0.01 0.30 0.00 0.00 92.768
-0.30 0.16 -0.13 -0.01 -0.04 -0.01 0.30 0.00 0.00 92.801
-0.29 0.16 -0.16 0.00 -0.02 -0.02 0.30 0.00 0.00 92.833
-0.28 0.15 -0.18 0.02 -0.01 -0.04 0.30 0.00 0.00 92.868
-0.27 0.15 -0.21 0.01 0.01 -0.07 0.30 0.00 0.00 92.899
-0.26 0.14 -0.24 -0.01 0.01 -0.08 0.30 0.00 0.00 92.932
-0.25 0.13 -0.26 0.02 0.02 -0.09 0.30 0.00 0.00 92.968
-0.24 0.12 -0.28 0.04 0.03 -0.09 0.30 0.00 0.00 93.001
-0.23 0.10 -0.31 0.06 0.05 -0.08 0.30 0.00 0.00 93.034
-0.22 0.07 -0.32 0.08 0.06 -0.08 0.30 0.00 0.00 93.069
-0.22 0.05 -0.33 0.07 0.08 -0.07 0.30 0.00 0.00 93.101
-0.21 0.02 -0.34 0.09 0.09 -0.06 0.30 0.00 0.00 93.134
-0.22 -0.01 -0.34 0.02 0.09 -0.05 0.30 0.00 0.00 93.169
-0.22 -0.04 -0.33 0.03 0.10 -0.03 0.30 0.00 0.00 93.202
-0.22 -0.06 -0.32 -0.01 0.09 -0.02 0.30 0.00 0.00 93.233
-0.23 -0.09 -0.30 -0.03 0.10 -0.01 0.30 0.00 0.00 93.268
-0.24 -0.13 -0.28 -0.04 0.11 0.01 0.30 0.00 0.00 93.304
-0.25 -0.16 -0.26 -0.03 0.12 0.03 0.30 0.00 0.00 93.338
-0.26 -0.19 -0.24 -0.08 0.12 0.04 0.30 0.00 0.00 93.372
-0.30 -0.24 -0.15 -0.12 0.12 0.09 0.30 0.00 0.00 93.433
-0.32 -0.26 -0.12 0.06 0.14 0.11 0.30 0.00 0.00 93.467
-0.35 -0.28 -0.08 0.10 0.12 0.13 0.30 0.00 0.00 93.499
-0.38 -0.29 -0.03 0.06 0.12 0.14 0.30 0.00 0.00 93.534
-0.41 -0.28 0.01 -0.05 0.09 0.12 0.30 0.00 0.00 93.568
-0.44 -0.27 0.06 -0.01 0.08 0.10 0.30 0.00 0.00 93.600
-0.47 -0.23 0.11 -0.02 0.06 0.10 0.30 0.00 0.00 93.633
-0.49 -0.20 0.14 -0.01 0.04 0.10 0.30 0.00 0.00 93.668
-0.52 -0.17 0.17 -0.04 0.02 0.11 0.30 0.00 0.00 93.702
-0.54 -0.14 0.20 -0.06 -0.00 0.12 0.30 0.00 0.00 93.733
-0.56 -0.11 0.22 -0.09 -0.02 0.12 0.30 0.00 0.00 93.767
-0.57 -0.08 0.23 -0.10 -0.04 0.12 0.30 0.00 0.00 93.799
-0.58 -0.04 0.23 -0.09 -0.05 0.13 0.30 0.00 0.00 93.835
-0.59 -0.01 0.24 -0.10 -0.06 0.12 0.30 0.00 0.00 93.870
-0.59 0.02 0.23 -0.06 -0.06 0.12 0.30 0.00 0.00 93.900
-0.59 0.06 0.21 -0.04 -0.06 0.10 0.30 0.00 0.00 93.935
-0.59 0.09 0.18 -0.01 -0.06 0.09 0.30 0.00 0.00 93.967
-0.58 0.13 0.15 -0.04 -0.08 0.08 0.30 0.00 0.00 94.001
-0.57 0.19 0.06 -0.05 -0.31 0.02 0.30 0.30 0.00 94.067
-0.56 0.22 0.00 -0.02 -0.30 -0.01 0.30 0.30 0.00 94.101
-0.55 0.23 -0.03 0.00 -0.28 -0.03 0.30 0.30 0.00 94.134
-0.54 0.24 -0.12 -0.03 -0.05 -0.09 0.30 0.30 0.00 94.201
-0.53 0.25 -0.19 -0.00 -0.03 -0.12 0.30 0.30 0.00 94.234
-0.52 0.25 -0.23 0.01 -0.03 -0.14 0.30 0.30 0.00 94.266
-0.51 0.25 -0.26 0.06 -0.05 -0.16 0.30 0.30 0.00 94.299
-0.50 0.23 -0.30 0.01 -0.06 -0.16 0.30 0.30 0.00 94.333
-0.48 0.21 -0.32 0.02 -0.06 -0.16 0.30 0.30 0.00 94.367
-0.46 0.18 -0.34 -0.04 -0.04 -0.17 0.30 0.30 0.00 94.399
-0.45 0.14 -0.35 0.02 0.01 -0.15 0.30 0.30 0.00 94.432
-0.44 0.11 -0.34 -0.02 0.04 -0.12 0.30 0.30 0.00 94.465
-0.43 0.07 -0.33 -0.01 0.10 -0.10 0.30 0.30 0.00 94.499
-0.43 0.03 -0.31 0.08 0.12 -0.08 0.30 0.30 0.00 94.534
-0.44 -0.00 -0.29 -0.02 0.10 -0.06 0.30 0.30 0.00 94.567
-0.45 -0.04 -0.25 0.02 0.11 -0.04 0.30 0.30 0.00 94.601
-0.47 -0.08 -0.17 0.03 0.11 0.00 0.30 0.30 0.00 94.668
-0.49 -0.11 -0.13 0.04 0.12 0.03 0.30 0.30 0.00 94.701
-0.52 -0.13 -0.05 0.04 0.12 0.07 0.30 0.30 0.00 94.765
-0.54 -0.15 -0.00 -0.06 0.12 0.07 0.30 0.30 0.00 94.799
-0.56 -0.15 0.06 -0.08 0.12 0.07 0.30 0.30 0.00 94.833
-0.59 -0.14 0.14 0.03 0.13 0.10 0.30 0.30 0.00 94.900
-0.61 -0.12 0.19 0.02 0.11 0.12 0.30 0.30 0.00 94.932
-0.62 -0.11 0.23 -0.09 0.11 0.13 0.30 0.30 0.00 94.965
-0.64 -0.08 0.28 -0.13 0.09 0.10 0.30 0.30 0.00 95.000
-0.65 -0.06 0.31 -0.12 0.07 0.11 0.30 0.30 0.00 95.033
-0.65 0.02 0.31 -0.07 0.04 0.16 0.30 0.30 0.00 95.101
-0.64 0.05 0.30 -0.08 0.01 0.16 0.30 0.30 0.00 95.131
-0.61 0.13 0.22 -0.08 -0.05 0.08 0.30 0.30 0.00 95.232
-0.60 0.15 0.19 -0.08 -0.05 0.07 0.30 0.30 0.00 95.265
-0.59 0.16 0.16 -0.08 -0.06 0.06 0.30 0.30 0.00 95.298
-0.57 0.17 0.10 -0.08 -0.06 0.04 0.30 0.30 0.00 95.333
-0.55 0.19 0.06 -0.06 -0.06 0.03 0.30 0.30 0.00 95.367
-0.55 0.20 0.02 -0.04 -0.05 -0.00 0.30 0.30 0.00 95.398
-0.54 0.21 -0.01 -0.00 -0.04 -0.03 0.30 0.30 0.00 95.432
-0.52 0.21 -0.06 -0.02 -0.03 -0.04 0.30 0.30 0.00 95.466
-0.48 0.20 -0.15 0.04 -0.01 -0.11 0.30 0.30 0.00 95.536
-0.47 0.19 -0.18 0.08 0.01 -0.13 0.30 0.30 0.00 95.568
-0.46 0.18 -0.21 0.06 -0.00 -0.14 0.30 0.30 0.00 95.601
-0.42 0.06 -0.26 0.10 0.04 -0.13 0.30 0.30 0.00 95.732
-0.43 0.02 -0.24 0.06 0.05 -0.13 0.30 0.30 0.00 95.766
-0.43 -0.01 -0.21 0.06 0.05 -0.11 0.30 0.30 0.00 95.798
-0.45 -0.06 -0.18 0.06 0.07 -0.10 0.30 0.30 0.00 95.832
-0.50 -0.11 -0.11 0.03 0.07 -0.04 0.30 0.30 0.00 95.931
-0.52 -0.13 -0.05 -0.01 0.10 -0.02 0.30 0.30 0.00 95.965
-0.56 -0.16 0.03 -0.09 0.08 0.02 0.30 0.30 0.00 96.034
-0.57 -0.18 0.06 -0.16 0.09 -0.54 -0.30 0.30 0.00 96.065
-0.66 -0.11 0.36 -0.12 0.07 0.02 -0.30 0.30 0.00 96.367
-0.66 -0.09 0.39 -0.05 0.07 0.03 -0.30 0.30 0.00 96.398
-0.66 -0.05 0.41 -0.02 0.04 0.03 -0.30 0.30 0.00 96.433
-0.65 -0.01 0.41 -0.01 0.00 0.02 -0.30 0.30 0.00 96.466
-0.64 0.02 0.39 -0.01 -0.04 0.01 -0.30 0.30 0.00 96.500
-0.61 0.05 0.35 -0.02 -0.05 0.00 -0.30 0.30 0.00 96.535
-0.59 0.07 0.32 -0.05 -0.06 -0.01 -0.30 0.30 0.00 96.566
-0.58 0.09 0.30 -0.04 -0.06 -0.02 -0.30 0.30 0.00 96.599
-0.56 0.10 0.26 -0.05 -0.05 -0.03 -0.30 0.30 0.00 96.635
-0.54 0.11 0.22 -0.03 -0.05 -0.05 -0.30 0.30 0.00 96.668
-0.52 0.13 0.19 -0.03 -0.05 -0.07 -0.30 0.30 0.00 96.703
-0.51 0.15 0.15 -0.05 -0.06 -0.09 -0.30 0.30 0.00 96.734
-0.50 0.17 0.11 0.00 -0.05 -0.10 -0.30 0.30 0.00 96.765
-0.50 0.19 0.08 0.02 -0.05 -0.10 -0.30 0.30 0.00 96.798
-0.48 0.21 0.03 0.01 -0.04 -0.11 -0.30 0.30 0.00 96.833
-0.48 0.23 -0.00 0.01 -0.03 -0.12 -0.30 0.30 0.00 96.869
-0.47 0.24 -0.03 0.03 -0.04 -0.13 -0.30 0.30 0.00 96.899
-0.46 0.26 -0.07 0.03 -0.04 -0.13 -0.30 0.30 0.00 96.933
-0.45 0.27 -0.10 0.01 -0.04 -0.14 -0.30 0.30 0.00 96.964
-0.44 0.27 -0.12 -0.01 -0.03 -0.14 -0.30 0.30 0.00 96.999
-0.42 0.27 -0.14 0.00 -0.02 -0.13 -0.30 0.30 0.00 97.036
-0.41 0.26 -0.17 -0.01 -0.01 -0.12 -0.30 0.30 0.00 97.067
-0.40 0.25 -0.19 0.05 -0.01 -0.12 -0.30 0.30 0.00 97.101
-0.38 0.22 -0.22 0.01 0.02 -0.11 -0.30 0.30 0.00 97.134
-0.37 0.19 -0.24 -0.00 0.04 -0.10 -0.30 0.30 0.00 97.164
-0.36 0.15 -0.26 0.02 0.09 -0.10 -0.30 0.30 0.00 97.200
-0.34 0.12 -0.28 0.04 0.12 -0.08 -0.30 0.30 0.00 97.231
-0.33 0.08 -0.29 -0.01 0.12 -0.07 -0.30 0.30 0.00 97.264
-0.32 0.01 -0.28 -0.03 0.12 -0.07 -0.30 0.30 0.00 97.297
-0.31 -0.03 -0.28 -0.01 0.14 -0.05 -0.30 0.30 0.00 97.334
-0.44 -0.31 0.04 -0.04 0.12 0.15 -0.30 0.30 0.00 97.666
-0.46 -0.29 0.07 -0.05 0.11 0.14 -0.30 0.30 0.00 97.700
-0.48 -0.28 0.10 0.06 0.07 0.12 -0.30 0.30 0.00 97.732
-0.50 -0.26 0.13 0.02 0.03 0.11 -0.30 0.30 0.00 97.764
-0.53 -0.22 0.18 -0.05 0.01 0.10 -0.30 0.30 0.00 97.798
-0.54 -0.18 0.21 -0.06 -0.01 0.09 -0.30 0.30 0.00 97.830
-0.54 -0.07 0.22 -0.04 -0.09 0.05 -0.30 0.30 0.00 97.901
-0.53 -0.00 0.18 -0.01 -0.12 0.04 -0.30 0.30 0.00 97.935
-0.53 0.03 0.15 -0.03 -0.13 0.04 -0.30 0.30 0.00 97.964
-0.52 0.06 0.13 0.01 -0.11 0.02 -0.30 0.30 0.00 97.999
-0.52 0.08 0.11 0.02 -0.08 0.01 -0.30 0.30 0.00 98.032
-0.51 0.11 0.07 -0.01 0.37 0.00 -0.30 -0.30 0.00 98.064
-0.50 0.12 0.03 0.01 0.38 -0.01 -0.30 -0.30 0.00 98.098
-0.49 0.14 -0.00 0.01 0.35 -0.02 -0.30 -0.30 0.00 98.131
-0.47 0.18 -0.10 0.05 0.02 -0.12 -0.30 -0.30 0.00 98.230
-0.46 0.18 -0.14 0.07 0.01 -0.13 -0.30 -0.30 0.00 98.265
-0.45 0.17 -0.17 0.05 0.01 -0.14 -0.30 -0.30 0.00 98.299
-0.44 0.17 -0.21 0.08 0.01 -0.13 -0.30 -0.30 0.00 98.332
-0.43 0.15 -0.24 0.07 0.01 -0.12 -0.30 -0.30 0.00 98.367
-0.42 0.14 -0.27 0.10 0.02 -0.11 -0.30 -0.30 0.00 98.399
-0.40 0.11 -0.30 0.11 0.03 -0.10 -0.30 -0.30 0.00 98.432
-0.38 0.08 -0.32 0.10 0.06 -0.09 -0.30 -0.30 0.00 98.465
-0.35 0.06 -0.34 0.08 0.10 -0.08 -0.30 -0.30 0.00 98.498
-0.32 0.02 -0.37 0.05 0.12 -0.08 -0.30 -0.30 0.00 98.532
-0.30 -0.03 -0.38 0.05 0.15 -0.08 -0.30 -0.30 0.00 98.565
-0.28 -0.06 -0.39 0.01 0.16 -0.06 -0.30 -0.30 0.00 98.598
-0.26 -0.11 -0.38 -0.04 0.15 -0.04 -0.30 -0.30 0.00 98.634
-0.25 -0.15 -0.37 -0.07 0.16 -0.02 -0.30 -0.30 0.00 98.667
-0.27 -0.23 -0.30 0.04 0.13 0.06 -0.30 -0.30 0.00 98.765
-0.29 -0.25 -0.28 -0.03 0.09 0.06 -0.30 -0.30 0.00 98.798
-0.30 -0.26 -0.25 0.03 0.10 0.08 -0.30 -0.30 0.00 98.831
-0.32 -0.27 -0.21 0.06 0.09 0.09 -0.30 -0.30 0.00 98.867
-0.34 -0.27 -0.18 0.07 0.10 0.10 -0.30 -0.30 0.00 98.898
-0.36 -0.27 -0.14 -0.00 0.09 0.11 -0.30 -0.30 0.00 98.931
-0.38 -0.26 -0.09 0.03 0.10 0.12 -0.30 -0.30 0.00 98.966
-0.41 -0.24 -0.06 0.03 0.10 0.12 -0.30 -0.30 0.00 98.999
-0.43 -0.21 -0.01 0.01 0.08 0.13 -0.30 -0.30 0.00 99.033
-0.45 -0.18 0.02 0.02 0.06 0.12 -0.30 -0.30 0.00 99.065
-0.45 -0.14 0.03 0.08 0.04 0.11 -0.30 -0.30 0.00 99.098
-0.47 -0.08 0.06 0.05 -0.01 0.08 -0.30 -0.30 0.00 99.163
-0.47 -0.05 0.07 -0.03 -0.01 0.07 -0.30 -0.30 0.00 99.200
-0.47 -0.03 0.07 -0.04 -0.01 0.08 -0.30 -0.30 0.00 99.232
-0.46 0.01 0.06 -0.09 -0.03 0.06 -0.30 -0.30 0.00 99.263
-0.46 0.03 0.05 -0.06 -0.04 0.04 -0.30 -0.30 0.00 99.299
-0.46 0.06 0.03 -0.08 -0.05 0.03 -0.30 -0.30 0.00 99.334
-0.46 0.08 0.01 -0.06 -0.06 0.02 -0.30 -0.30 0.00 99.372
-0.45 0.10 -0.03 -0.02 -0.06 0.00 -0.30 -0.30 0.00 99.405
-0.45 0.11 -0.06 -0.02 -0.06 -0.02 -0.30 -0.30 0.00 99.436
-0.44 0.13 -0.09 -0.02 -0.05 -0.03 -0.30 -0.30 0.00 99.466
-0.44 0.14 -0.11 -0.06 -0.06 -0.04 -0.30 -0.30 0.00 99.499
-0.43 0.14 -0.14 -0.06 -0.05 -0.05 -0.30 -0.30 0.00 99.533
-0.42 0.14 -0.16 -0.03 -0.04 -0.07 -0.30 -0.30 0.00 99.563
-0.42 0.14 -0.19 0.08 -0.02 -0.07 -0.30 -0.30 0.00 99.596
-0.40 0.13 -0.22 0.03 -0.01 -0.09 -0.30 -0.30 0.00 99.632
-0.39 0.12 -0.24 0.02 -0.00 -0.10 -0.30 -0.30 0.00 99.665
-0.38 0.12 -0.27 0.00 0.01 -0.10 -0.30 -0.30 0.00 99.699
-0.37 0.11 -0.30 0.04 0.01 -0.10 -0.30 -0.30 0.00 99.733
-0.36 0.10 -0.32 0.01 0.02 -0.10 -0.30 -0.30 0.00 99.764
-0.34 0.08 -0.34 0.05 0.03 -0.10 -0.30 -0.30 0.00 99.796
-0.32 0.06 -0.35 0.03 0.04 -0.10 -0.30 -0.30 0.00 99.831
-0.31 0.04 -0.37 0.01 0.07 -0.10 -0.30 -0.30 0.00 99.864
-0.28 0.02 -0.39 0.04 0.07 -0.09 -0.30 -0.30 0.00 99.896
-0.26 -0.01 -0.40 0.05 0.09 -0.09 -0.30 -0.30 0.00 99.931
-0.23 -0.13 -0.36 0.09 0.12 -0.04 -0.30 -0.30 0.00 100.032
-0.23 -0.16 -0.34 0.01 0.15 0.27 0.00 -0.30 0.00 100.062
-0.23 -0.20 -0.31 -0.02 0.15 0.28 0.00 -0.30 0.00 100.096
-0.24 -0.23 -0.29 -0.02 0.16 0.29 0.00 -0.30 0.00 100.129
-0.31 -0.26 -0.14 0.01 0.12 0.10 0.00 -0.30 0.00 100.266
-0.33 -0.25 -0.11 -0.05 0.11 0.11 0.00 -0.30 0.00 100.300
-0.35 -0.25 -0.06 -0.03 0.10 0.12 0.00 -0.30 0.00 100.335
-0.37 -0.23 -0.02 -0.06 0.09 0.10 0.00 -0.30 0.00 100.366
-0.40 -0.22 0.02 -0.01 0.08 0.10 0.00 -0.30 0.00 100.398
-0.41 -0.20 0.05 -0.07 0.07 0.11 0.00 -0.30 0.00 100.431
-0.43 -0.17 0.07 -0.09 0.06 0.10 0.00 -0.30 0.00 100.463
-0.44 -0.14 0.09 -0.04 0.04 0.10 0.00 -0.30 0.00 100.497
-0.45 -0.12 0.11 -0.07 0.02 0.10 0.00 -0.30 0.00 100.531
-0.45 -0.08 0.11 -0.14 -0.01 0.09 0.00 -0.30 0.00 100.562
-0.45 -0.05 0.11 -0.16 -0.02 0.09 0.00 -0.30 0.00 100.599
-0.44 -0.01 0.09 -0.05 -0.03 0.08 0.00 -0.30 0.00 100.637
-0.41 0.06 0.01 -0.04 -0.07 0.01 0.00 -0.30 0.00 100.731
-0.39 0.07 -0.02 -0.02 -0.07 0.00 0.00 -0.30 0.00 100.764
-0.38 0.07 -0.05 -0.01 -0.05 -0.01 0.00 -0.30 0.00 100.796
-0.36 0.07 -0.07 -0.03 -0.03 -0.03 0.00 -0.30 0.00 100.830
-0.34 0.07 -0.10 -0.06 -0.03 -0.04 0.00 -0.30 0.00 100.864
-0.33 0.08 -0.14 -0.07 -0.02 -0.06 0.00 -0.30 0.00 100.896
-0.31 0.08 -0.16 -0.00 -0.02 -0.08 0.00 -0.30 0.00 100.929
-0.30 0.08 -0.17 -0.07 -0.03 -0.09 0.00 -0.30 0.00 100.962
-0.28 0.07 -0.19 -0.01 -0.00 -0.10 0.00 -0.30 0.00 100.996
-0.26 0.04 -0.20 -0.01 0.02 -0.10 0.00 -0.30 0.00 101.032
-0.25 0.01 -0.20 -0.06 0.05 -0.10 0.00 -0.30 0.00 101.063
-0.25 -0.02 -0.19 -0.03 0.08 -0.09 0.00 -0.30 0.00 101.099
-0.24 -0.05 -0.18 -0.07 0.10 -0.08 0.00 -0.30 0.00 101.130
-0.25 -0.08 -0.17 -0.12 0.12 -0.07 0.00 -0.30 0.00 101.163
-0.25 -0.14 -0.16 -0.11 0.12 -0.05 0.00 -0.30 0.00 101.200
-0.25 -0.18 -0.15 0.01 0.15 -0.03 0.00 -0.30 0.00 101.233
-0.26 -0.23 -0.13 0.04 0.16 -0.02 0.00 -0.30 0.00 101.263
-0.31 -0.35 -0.09 -0.01 0.10 0.04 0.00 -0.30 0.00 101.395
-0.32 -0.37 -0.08 0.07 0.11 0.06 0.00 -0.30 0.00 101.428
-0.33 -0.39 -0.08 -0.03 0.09 0.06 0.00 -0.30 0.00 101.463
-0.35 -0.42 -0.07 0.10 0.10 0.07 0.00 -0.30 0.00 101.496
-0.36 -0.45 -0.05 0.09 0.10 0.09 0.00 -0.30 0.00 101.531
-0.37 -0.46 -0.04 0.01 0.10 0.10 0.00 -0.30 0.00 101.562
-0.39 -0.48 -0.03 -0.02 0.09 0.10 0.00 -0.30 0.00 101.595
-0.41 -0.49 -0.01 -0.06 0.10 0.10 0.00 -0.30 0.00 101.628
-0.43 -0.48 0.01 -0.06 0.09 0.10 0.00 -0.30 0.00 101.663
-0.44 -0.47 0.02 0.00 0.07 0.10 0.00 -0.30 0.00 101.697
-0.45 -0.46 0.04 -0.02 0.07 0.09 0.00 -0.30 0.00 101.728
-0.47 -0.45 0.06 -0.06 0.07 0.08 0.00 -0.30 0.00 101.763
-0.49 -0.43 0.08 0.00 0.06 0.08 0.00 -0.30 0.00 101.794
-0.51 -0.39 0.10 -0.00 0.04 0.08 0.00 -0.30 0.00 101.827
-0.51 -0.35 0.09 0.00 0.02 0.09 0.00 -0.30 0.00 101.864
-0.52 -0.31 0.09 -0.07 -0.02 0.09 0.00 -0.30 0.00 101.895
-0.52 -0.27 0.08 -0.04 -0.05 0.09 0.00 -0.30 0.00 101.928
-0.52 -0.23 0.06 -0.10 -0.06 0.09 0.00 -0.30 0.00 101.962
-0.52 -0.19 0.03 -0.05 -0.07 0.07 0.00 -0.30 0.00 101.997
-0.52 -0.17 0.02 -0.12 -0.06 0.06 0.00 -0.30 0.00 102.030
-0.51 -0.17 0.00 -0.10 -0.27 0.04 0.00 0.00 0.00 102.061
-0.51 -0.17 -0.01 -0.02 -0.25 0.02 0.00 0.00 0.00 102.095
-0.51 -0.17 -0.04 -0.09 -0.23 0.02 0.00 0.00 0.00 102.127
-0.49 -0.17 -0.06 -0.01 0.03 -0.01 0.00 0.00 0.00 102.227
-0.49 -0.14 -0.07 -0.02 0.01 -0.02 0.00 0.00 0.00 102.261
-0.47 -0.11 -0.09 0.03 -0.01 -0.03 0.00 0.00 0.00 102.295
-0.45 -0.06 -0.11 -0.00 -0.05 -0.06 0.00 0.00 0.00 102.363
-0.45 -0.05 -0.12 -0.06 -0.06 -0.07 0.00 0.00 0.00 102.396
-0.44 -0.05 -0.11 0.00 -0.03 -0.08 0.00 0.00 0.00 102.430
-0.43 -0.04 -0.10 -0.04 -0.02 -0.08 0.00 0.00 0.00 102.462
-0.42 -0.04 -0.11 0.04 -0.01 -0.08 0.00 0.00 0.00 102.494
-0.41 -0.03 -0.12 -0.04 -0.01 -0.08 0.00 0.00 0.00 102.530
-0.41 -0.03 -0.12 0.05 -0.02 -0.07 0.00 0.00 0.00 102.561
-0.40 -0.03 -0.12 -0.05 -0.02 -0.07 0.00 0.00 0.00 102.595
-0.39 -0.04 -0.12 -0.05 -0.01 -0.07 0.00 0.00 0.00 102.632
-0.38 -0.03 -0.11 -0.07 -0.01 -0.07 0.00 0.00 0.00 102.662
-0.37 -0.01 -0.11 -0.06 -0.01 -0.07 0.00 0.00 0.00 102.696
-0.36 -0.00 -0.11 -0.04 -0.01 -0.07 0.00 0.00 0.00 102.731
-0.34 0.01 -0.12 -0.00 -0.01 -0.07 0.00 0.00 0.00 102.763
-0.32 0.03 -0.13 -0.03 -0.03 -0.08 0.00 0.00 0.00 102.796
-0.32 0.05 -0.14 0.03 -0.03 -0.09 0.00 0.00 0.00 102.830
-0.30 0.07 -0.15 0.07 -0.03 -0.09 0.00 0.00 0.00 102.863
-0.28 0.08 -0.17 0.04 -0.02 -0.10 0.00 0.00 0.00 102.894
-0.26 0.10 -0.20 0.06 -0.03 -0.11 0.00 0.00 0.00 102.929
-0.24 0.11 -0.21 0.04 -0.02 -0.12 0.00 0.00 0.00 102.962
-0.22 0.12 -0.22 0.05 -0.01 -0.11 0.00 0.00 0.00 102.995
-0.20 0.11 -0.23 0.03 -0.01 -0.11 0.00 0.00 0.00 103.030
-0.19 0.10 -0.24 0.06 0.01 -0.10 0.00 0.00 0.00 103.061
-0.18 0.09 -0.24 0.07 0.02 -0.09 0.00 0.00 0.00 103.094
-0.18 0.07 -0.24 0.13 0.05 -0.07 0.00 0.00 0.00 103.128
-0.17 0.06 -0.25 0.12 0.06 -0.05 0.00 0.00 0.00 103.162
-0.18 0.05 -0.23 0.04 0.07 -0.04 0.00 0.00 0.00 103.197
-0.19 0.04 -0.20 0.08 0.07 -0.03 0.00 0.00 0.00 103.229
-0.21 0.03 -0.17 0.12 0.07 -0.01 0.00 0.00 0.00 103.263
-0.23 0.02 -0.13 0.00 0.06 0.00 0.00 0.00 0.00 103.294
-0.28 0.02 -0.02 0.08 0.08 0.06 0.00 0.00 0.00 103.362
-0.33 0.03 0.07 0.04 0.06 0.11 0.00 0.00 0.00 103.427
-0.34 0.04 0.10 -0.07 0.06 0.11 0.00 0.00 0.00 103.461
-0.36 0.06 0.14 -0.09 0.05 0.09 0.00 0.00 0.00 103.494
-0.37 0.08 0.17 -0.05 0.05 0.09 0.00 0.00 0.00 103.528
-0.38 0.10 0.19 -0.04 0.04 0.08 0.00 0.00 0.00 103.560
-0.39 0.11 0.22 -0.06 0.02 0.08 0.00 0.00 0.00 103.594
-0.40 0.14 0.23 -0.07 0.01 0.07 0.00 0.00 0.00 103.627
-0.41 0.16 0.24 -0.05 -0.01 0.07 0.00 0.00 0.00 103.661
-0.41 0.19 0.25 -0.05 -0.02 0.07 0.00 0.00 0.00 103.697
-0.41 0.21 0.24 -0.05 -0.04 0.07 0.00 0.00 0.00 103.728
-0.41 0.23 0.23 -0.05 -0.06 0.06 0.00 0.00 0.00 103.761
-0.42 0.27 0.20 -0.05 -0.06 0.04 0.00 0.00 0.00 103.794
-0.43 0.30 0.18 -0.05 -0.07 0.04 0.00 0.00 0.00 103.827
-0.43 0.33 0.16 -0.07 -0.08 0.03 0.00 0.00 0.00 103.862
-0.44 0.36 0.13 -0.03 -0.07 0.02 0.00 0.00 0.00 103.895
-0.45 0.38 0.09 -0.02 -0.05 0.02 0.00 0.00 0.00 103.927
-0.46 0.39 0.04 0.04 -0.05 -0.00 0.00 0.00 0.00 103.960
-0.47 0.41 -0.02 0.07 -0.06 -0.01 0.00 0.00 0.00 103.996
-0.48 0.43 -0.07 -0.02 -0.06 -0.02 0.00 0.00 0.00 104.028
-0.48 0.42 -0.15 -0.01 -0.04 -0.07 0.00 0.00 0.00 104.093
-0.47 0.42 -0.19 -0.03 -0.02 -0.08 0.00 0.00 0.00 104.129
-0.46 0.41 -0.28 -0.09 -0.02 -0.14 0.00 0.00 0.00 104.198
-0.45 0.40 -0.30 -0.05 0.00 -0.15 0.00 0.00 0.00 104.228
-0.44 0.38 -0.33 -0.04 0.01 -0.16 0.00 0.00 0.00 104.261
-0.42 0.37 -0.37 0.01 0.03 -0.16 0.00 0.00 0.00 104.296
-0.41 0.35 -0.41 0.03 0.05 -0.16 0.00 0.00 0.00 104.327
-0.40 0.35 -0.42 -0.01 0.06 -0.16 0.00 0.00 0.00 104.362
-0.40 0.34 -0.44 0.04 0.05 -0.15 0.00 0.00 0.00 104.393
-0.39 0.32 -0.45 0.04 0.05 -0.13 0.00 0.00 0.00 104.427
-0.38 0.30 -0.46 0.03 0.06 -0.12 0.00 0.00 0.00 104.462
-0.37 0.29 -0.48 0.00 0.06 -0.13 0.00 0.00 0.00 104.494
-0.35 0.27 -0.51 0.02 0.06 -0.12 0.00 0.00 0.00 104.530
-0.32 0.25 -0.53 0.04 0.07 -0.13 0.00 0.00 0.00 104.562
-0.31 0.23 -0.53 0.05 0.09 -0.13 0.00 0.00 0.00 104.593
-0.30 0.21 -0.52 0.04 0.07 -0.10 0.00 0.00 0.00 104.632
-0.29 0.19 -0.51 0.03 0.06 -0.09 0.00 0.00 0.00 104.664
-0.28 0.17 -0.49 0.09 0.07 -0.08 0.00 0.00 0.00 104.700
-0.28 0.15 -0.47 0.08 0.08 -0.05 0.00 0.00 0.00 104.727
-0.28 0.13 -0.44 0.10 0.07 -0.04 0.00 0.00 0.00 104.764
-0.28 0.10 -0.41 0.01 0.07 -0.03 0.00 0.00 0.00 104.795
-0.28 0.07 -0.35 -0.02 0.08 -0.01 0.00 0.00 0.00 104.829
-0.31 0.03 -0.25 -0.01 0.10 0.06 0.00 0.00 0.00 104.926
-0.39 0.05 -0.12 0.02 0.08 0.12 0.00 0.00 0.00 105.027
-0.41 0.05 -0.08 0.01 0.08 0.10 0.00 0.00 0.00 105.062
-0.43 0.06 -0.04 0.01 0.07 0.11 0.00 0.00 0.00 105.093
-0.45 0.07 -0.01 0.04 0.07 0.12 0.00 0.00 0.00 105.126
-0.48 0.09 0.03 0.02 0.07 0.10 0.00 0.00 0.00 105.161
-0.50 0.10 0.06 0.02 0.06 0.10 0.00 0.00 0.00 105.196
-0.52 0.11 0.10 0.01 0.07 0.10 0.00 0.00 0.00 105.227
-0.54 0.13 0.13 -0.04 0.06 0.10 0.00 0.00 0.00 105.261
-0.56 0.14 0.16 -0.05 0.06 0.10 0.00 0.00 0.00 105.294
-0.58 0.15 0.21 -0.09 0.07 0.09 0.00 0.00 0.00 105.327
-0.59 0.16 0.23 -0.08 0.07 0.08 0.00 0.00 0.00 105.361
-0.60 0.17 0.24 -0.06 0.07 0.08 0.00 0.00 0.00 105.392
-0.61 0.18 0.24 -0.09 0.06 0.08 0.00 0.00 0.00 105.428
-0.62 0.18 0.22 -0.12 0.05 0.07 0.00 0.00 0.00 105.461
-0.62 0.19 0.20 -0.08 0.04 0.06 0.00 0.00 0.00 105.494
-0.62 0.20 0.14 -0.10 0.02 0.05 0.00 0.00 0.00 105.529
-0.62 0.20 0.08 -0.01 0.00 0.03 0.00 0.00 0.00 105.560
-0.62 0.19 0.02 -0.04 -0.03 0.00 0.00 0.00 0.00 105.593
-0.60 0.20 -0.07 -0.04 -0.04 -0.03 0.00 0.00 0.00 105.627
-0.57 0.20 -0.19 -0.07 -0.06 -0.10 0.00 0.00 0.00 105.694
-0.54 0.20 -0.24 -0.10 -0.05 -0.14 0.00 0.00 0.00 105.727
-0.52 0.20 -0.28 0.01 -0.03 -0.16 0.00 0.00 0.00 105.761
-0.50 0.19 -0.31 0.07 -0.01 -0.17 0.00 0.00 0.00 105.793
-0.47 0.18 -0.34 0.08 0.01 -0.17 0.00 0.00 0.00 105.827
-0.45 0.18 -0.35 0.06 0.02 -0.15 0.00 0.00 0.00 105.861
-0.44 0.16 -0.35 0.08 0.02 -0.14 0.00 0.00 0.00 105.892
-0.42 0.15 -0.35 0.10 0.03 -0.12 0.00 0.00 0.00 105.927
-0.41 0.13 -0.33 0.06 0.04 -0.11 0.00 0.00 0.00 105.960
-0.41 0.12 -0.30 0.04 0.06 -0.09 0.00 0.00 0.00 105.993
-0.42 0.11 -0.25 -0.06 0.05 -0.07 0.00 0.00 0.00 106.032
-0.43 0.11 -0.22 0.02 0.06 -0.04 0.00 0.00 0.00 106.062
-0.43 0.11 -0.18 -0.02 0.05 -0.02 0.00 0.00 0.00 106.095
-0.44 0.10 -0.15 -0.03 0.06 -0.00 0.00 0.00 0.00 106.129
-0.44 0.09 -0.14 -0.07 0.07 0.01 0.00 0.00 0.00 106.160
-0.44 0.09 -0.12 -0.06 0.07 0.01 0.00 0.00 0.00 106.195
-0.44 0.09 -0.11 -0.08 0.07 0.02 0.00 0.00 0.00 106.226
-0.44 0.08 -0.10 -0.05 0.08 0.02 0.00 0.00 0.00 106.261
-0.44 0.07 -0.08 0.02 0.08 0.03 0.00 0.00 0.00 106.294
-0.45 0.07 -0.06 0.02 0.09 0.04 0.00 0.00 0.00 106.328
-0.45 0.07 -0.05 -0.01 0.08 0.04 0.00 0.00 0.00 106.362
-0.46 0.07 -0.03 -0.02 0.08 0.05 0.00 0.00 0.00 106.397
-0.46 0.08 -0.02 -0.01 0.07 0.05 0.00 0.00 0.00 106.430
-0.47 0.08 0.00 -0.00 0.06 0.05 0.00 0.00 0.00 106.463
-0.47 0.08 0.02 -0.02 0.06 0.06 0.00 0.00 0.00 106.496
-0.47 0.07 0.03 -0.01 0.07 0.06 0.00 0.00 0.00 106.528
-0.47 0.07 0.03 0.01 0.07 0.05 0.00 0.00 0.00 106.561
-0.47 0.07 0.04 -0.04 0.08 0.04 0.00 0.00 0.00 106.593
-0.47 0.08 0.04 -0.02 0.07 0.04 0.00 0.00 0.00 106.630
-0.48 0.08 0.04 0.00 0.08 0.04 0.00 0.00 0.00 106.662
-0.48 0.08 0.04 -0.05 0.08 0.04 0.00 0.00 0.00 106.694
-0.48 0.08 0.05 -0.07 0.07 0.05 0.00 0.00 0.00 106.725
-0.47 0.07 0.06 -0.13 0.08 0.04 0.00 0.00 0.00 106.759
-0.47 0.07 0.06 -0.11 0.09 0.04 0.00 0.00 0.00 106.793
-0.47 0.06 0.06 -0.05 0.09 0.05 0.00 0.00 0.00 106.828
-0.46 0.06 0.07 -0.07 0.09 0.05 0.00 0.00 0.00 106.863
-0.46 0.06 0.07 -0.02 0.09 0.05 0.00 0.00 0.00 106.896
-0.46 0.06 0.07 -0.04 0.08 0.05 0.00 0.00 0.00 106.928
-0.46 0.05 0.07 -0.03 0.07 0.05 0.00 0.00 0.00 106.960