0.08 -0.08 -0.02 0.01 -0.02 0.01 0.00 0.00 0.00 419.885
0.08 -0.08 -0.02 0.01 -0.02 0.01 0.00 0.00 0.00 420.139
0.08 -0.08 -0.02 -0.00 -0.02 0.01 0.00 0.00 0.00 420.179
0.08 -0.08 -0.02 -0.00 -0.02 0.01 0.00 0.00 0.00 420.201
0.08 -0.08 -0.02 -0.00 -0.02 0.01 0.00 0.00 0.00 420.217
0.08 -0.08 -0.02 0.01 -0.02 0.01 0.00 0.00 0.00 420.231
0.08 -0.08 -0.02 0.01 -0.02 0.01 0.00 0.00 0.00 420.245
0.08 -0.08 -0.02 0.01 -0.02 0.01 0.00 0.00 0.00 420.263
0.08 -0.08 -0.02 -0.01 -0.02 0.01 0.00 0.00 0.00 420.276
0.08 -0.08 -0.02 -0.03 -0.02 0.01 0.00 0.00 0.00 420.291
0.08 -0.08 -0.02 -0.01 -0.02 0.01 0.00 0.00 0.00 420.304
0.09 -0.08 -0.02 -0.03 -0.02 0.01 0.00 0.00 0.00 420.325
0.09 -0.08 -0.02 0.01 -0.02 0.01 0.00 0.00 0.00 420.348
0.09 -0.08 -0.02 0.01 -0.02 0.01 0.00 0.00 0.00 420.381
0.09 -0.08 -0.02 0.02 -0.02 0.01 0.00 0.00 0.00 420.417
0.09 -0.08 -0.02 0.03 -0.02 0.01 0.00 0.00 0.00 420.448
0.09 -0.08 -0.02 0.04 -0.02 0.01 0.00 0.00 0.00 420.481
0.09 -0.08 -0.02 0.04 -0.02 0.01 0.00 0.00 0.00 420.513
0.09 -0.08 -0.02 0.06 -0.02 0.01 0.00 0.00 0.00 420.547
0.09 -0.08 -0.02 0.09 -0.02 0.01 0.00 0.00 0.00 420.582
0.09 -0.08 -0.02 0.05 -0.02 0.00 0.00 0.00 0.00 420.613
0.09 -0.08 -0.02 -0.02 -0.03 0.00 0.00 0.00 0.00 420.648
0.09 -0.08 -0.02 -0.04 -0.02 0.00 0.00 0.00 0.00 420.680
0.08 -0.08 -0.02 -0.01 -0.02 0.00 0.00 0.00 0.00 420.714
0.08 -0.08 -0.02 -0.03 -0.02 0.00 0.00 0.00 0.00 420.748
0.08 -0.08 -0.02 -0.06 -0.02 0.01 0.00 0.00 0.00 420.778
0.08 -0.08 -0.02 -0.07 -0.02 0.01 0.00 0.00 0.00 420.812
0.08 -0.08 -0.02 -0.07 -0.02 0.01 0.00 0.00 0.00 420.845
0.09 -0.08 -0.02 0.00 -0.02 0.00 0.00 0.00 0.00 420.880
0.10 -0.08 -0.02 -0.03 -0.02 0.00 0.00 0.00 0.00 420.915
0.11 -0.08 -0.02 0.00 -0.03 -0.01 0.00 0.00 0.00 420.946
0.11 -0.08 -0.02 0.00 -0.03 -0.01 0.00 0.00 0.00 420.982
0.11 -0.08 -0.02 -0.04 -0.02 -0.01 0.00 0.00 0.00 421.013
0.11 -0.08 -0.02 -0.03 -0.03 -0.01 0.00 0.00 0.00 421.046
0.11 -0.08 -0.02 -0.05 -0.03 -0.00 0.00 0.00 0.00 421.080
0.11 -0.08 -0.02 -0.05 -0.03 -0.00 0.00 0.00 0.00 421.112
0.11 -0.08 -0.02 -0.05 -0.02 -0.00 0.00 0.00 0.00 421.146
0.11 -0.08 -0.02 -0.07 -0.02 -0.00 0.00 0.00 0.00 421.180
0.11 -0.08 -0.02 -0.10 -0.02 -0.00 0.00 0.00 0.00 421.213
0.11 -0.08 -0.02 -0.11 -0.02 0.00 0.00 0.00 0.00 421.250
0.11 -0.08 -0.02 -0.10 -0.02 0.00 0.00 0.00 0.00 421.280
0.12 -0.08 -0.02 -0.12 -0.02 0.00 0.00 0.00 0.00 421.313
0.13 -0.08 -0.02 -0.06 -0.02 -0.00 0.00 0.00 0.00 421.346
0.15 -0.08 -0.02 0.00 -0.01 -0.01 0.00 0.00 0.00 421.379
0.16 -0.08 -0.02 -0.01 -0.01 -0.03 0.00 0.00 0.00 421.414
0.16 -0.08 -0.02 -0.02 -0.01 0.27 0.30 0.00 0.00 421.445
0.15 -0.08 -0.02 -0.02 -0.01 0.27 0.30 0.00 0.00 421.478
0.14 -0.08 -0.02 0.00 -0.02 0.28 0.30 0.00 0.00 421.513
0.11 -0.06 -0.04 0.02 -0.02 0.01 0.30 0.00 0.00 421.646
0.11 -0.05 -0.04 0.05 -0.04 0.01 0.30 0.00 0.00 421.678
0.11 -0.05 -0.05 0.01 -0.04 0.00 0.30 0.00 0.00 421.713
0.10 -0.05 -0.06 0.01 -0.01 -0.06 0.30 0.00 0.00 421.783
0.09 -0.05 -0.06 0.05 -0.01 -0.06 0.30 0.00 0.00 421.817
0.09 -0.05 -0.06 0.04 -0.00 -0.07 0.30 0.00 0.00 421.845
0.08 -0.05 -0.06 0.05 -0.01 -0.07 0.30 0.00 0.00 421.878
0.08 -0.04 -0.05 0.08 -0.01 -0.07 0.30 0.00 0.00 421.914
0.07 -0.04 -0.05 0.10 -0.01 -0.06 0.30 0.00 0.00 421.945
0.06 -0.05 -0.03 0.07 -0.01 -0.06 0.30 0.00 0.00 421.981
0.05 -0.06 -0.02 0.06 -0.00 -0.04 0.30 0.00 0.00 422.014
0.04 -0.08 -0.01 0.05 -0.00 -0.03 0.30 0.00 0.00 422.048
0.02 -0.09 0.01 0.02 0.00 -0.02 0.30 0.00 0.00 422.081
0.01 -0.10 0.02 0.04 -0.01 -0.00 0.30 0.00 0.00 422.113
-0.01 -0.09 0.03 0.02 -0.01 0.01 0.30 0.00 0.00 422.144
-0.02 -0.09 0.04 0.07 -0.03 0.01 0.30 0.00 0.00 422.178
-0.03 -0.08 0.06 0.04 -0.04 0.02 0.30 0.00 0.00 422.211
-0.05 -0.08 0.08 0.08 -0.04 0.03 0.30 0.00 0.00 422.248
-0.06 -0.07 0.09 0.09 -0.06 0.03 0.30 0.00 0.00 422.279
-0.07 -0.06 0.10 0.06 -0.07 0.03 0.30 0.00 0.00 422.312
-0.07 -0.04 0.10 0.00 -0.10 0.03 0.30 0.00 0.00 422.345
-0.08 -0.03 0.11 0.02 -0.11 0.03 0.30 0.00 0.00 422.379
-0.08 -0.01 0.12 -0.00 -0.10 0.02 0.30 0.00 0.00 422.413
-0.07 0.01 0.13 0.01 -0.09 0.02 0.30 0.00 0.00 422.446
-0.07 0.03 0.13 0.01 -0.06 0.02 0.30 0.00 0.00 422.478
-0.07 0.04 0.12 -0.03 -0.03 0.01 0.30 0.00 0.00 422.511
-0.06 0.05 0.11 -0.03 0.00 0.00 0.30 0.00 0.00 422.544
-0.05 0.05 0.09 0.01 0.03 -0.01 0.30 0.00 0.00 422.582
-0.05 0.05 0.08 -0.05 0.05 -0.02 0.30 0.00 0.00 422.613
-0.04 0.05 0.07 -0.04 0.06 -0.03 0.30 0.00 0.00 422.650
-0.04 0.05 0.06 -0.04 0.05 -0.04 0.30 0.00 0.00 422.680
-0.03 0.05 0.06 -0.05 0.05 -0.04 0.30 0.00 0.00 422.714
-0.03 0.05 0.04 -0.05 0.04 -0.04 0.30 0.00 0.00 422.748
-0.02 0.05 0.02 -0.05 0.05 -0.05 0.30 0.00 0.00 422.780
-0.01 0.05 0.00 -0.03 0.05 -0.06 0.30 0.00 0.00 422.812
-0.01 0.04 -0.01 -0.03 0.06 -0.07 0.30 0.00 0.00 422.846
-0.00 0.03 -0.02 -0.06 0.05 -0.07 0.30 0.00 0.00 422.877
0.01 0.02 -0.03 -0.04 0.05 -0.08 0.30 0.00 0.00 422.913
0.01 0.01 -0.05 -0.05 0.03 -0.07 0.30 0.00 0.00 422.946
0.02 0.00 -0.06 -0.02 0.03 -0.05 0.30 0.00 0.00 422.978
0.02 -0.02 -0.08 -0.04 0.02 -0.02 0.30 0.00 0.00 423.010
0.03 -0.05 -0.10 0.01 0.03 0.00 0.30 0.00 0.00 423.045
0.03 -0.08 -0.11 0.01 0.04 0.02 0.30 0.00 0.00 423.080
0.04 -0.10 -0.13 -0.06 0.04 0.04 0.30 0.00 0.00 423.113
0.05 -0.13 -0.14 -0.04 0.03 0.04 0.30 0.00 0.00 423.146
0.05 -0.15 -0.13 0.01 0.02 0.04 0.30 0.00 0.00 423.177
0.05 -0.17 -0.13 -0.00 0.01 0.05 0.30 0.00 0.00 423.211
0.04 -0.18 -0.12 0.02 0.00 0.06 0.30 0.00 0.00 423.247
0.04 -0.19 -0.11 0.03 -0.00 0.07 0.30 0.00 0.00 423.277
0.03 -0.19 -0.10 -0.01 -0.01 0.08 0.30 0.00 0.00 423.311
0.02 -0.19 -0.10 0.07 -0.02 0.09 0.30 0.00 0.00 423.346
0.01 -0.20 -0.08 0.02 -0.02 0.10 0.30 0.00 0.00 423.380
-0.01 -0.21 -0.07 0.04 -0.02 0.10 0.30 0.00 0.00 423.416
-0.03 -0.22 -0.04 0.06 -0.23 0.06 0.30 0.30 0.00 423.478
-0.05 -0.21 -0.02 0.01 -0.25 0.04 0.30 0.30 0.00 423.511
-0.06 -0.19 0.00 0.05 -0.26 0.03 0.30 0.30 0.00 423.546
-0.09 -0.15 0.05 0.02 -0.03 -0.01 0.30 0.30 0.00 423.610
-0.09 -0.13 0.07 -0.02 0.07 -0.04 0.30 0.30 0.00 423.646
-0.10 -0.10 0.08 -0.05 0.10 -0.05 0.30 0.30 0.00 423.679
-0.11 -0.07 0.08 -0.01 0.06 -0.04 0.30 0.30 0.00 423.713
-0.11 -0.04 0.08 0.01 0.03 -0.04 0.30 0.30 0.00 423.748
-0.11 0.00 0.08 0.00 -0.01 -0.03 0.30 0.30 0.00 423.779
-0.11 0.04 0.07 -0.06 -0.05 -0.03 0.30 0.30 0.00 423.813
-0.11 0.07 0.06 -0.04 -0.07 -0.04 0.30 0.30 0.00 423.847
-0.11 0.10 0.06 -0.02 -0.07 -0.04 0.30 0.30 0.00 423.877
-0.11 0.13 0.04 -0.03 -0.06 -0.04 0.30 0.30 0.00 423.913
-0.11 0.16 0.02 -0.07 -0.03 -0.06 0.30 0.30 0.00 423.944
-0.10 0.20 -0.00 -0.10 -0.01 -0.07 0.30 0.30 0.00 423.980
-0.10 0.23 -0.01 -0.04 -0.01 -0.09 0.30 0.30 0.00 424.014
-0.09 0.26 -0.02 -0.01 -0.03 -0.10 0.30 0.30 0.00 424.050
-0.09 0.29 -0.03 -0.02 -0.04 -0.10 0.30 0.30 0.00 424.081
-0.08 0.31 -0.05 -0.04 -0.04 -0.08 0.30 0.30 0.00 424.112
-0.08 0.32 -0.05 -0.10 -0.03 -0.06 0.30 0.30 0.00 424.146
-0.08 0.34 -0.07 -0.08 0.01 -0.05 0.30 0.30 0.00 424.183
-0.08 0.35 -0.08 -0.03 0.04 -0.04 0.30 0.30 0.00 424.218
-0.08 0.34 -0.10 0.06 0.09 -0.02 0.30 0.30 0.00 424.251
-0.08 0.33 -0.10 0.00 0.10 0.00 0.30 0.30 0.00 424.279
-0.08 0.28 -0.10 -0.02 0.12 0.01 0.30 0.30 0.00 424.312
-0.08 0.23 -0.09 -0.00 0.13 0.01 0.30 0.30 0.00 424.345
-0.07 0.18 -0.09 -0.01 0.13 0.02 0.30 0.30 0.00 424.379
-0.07 0.15 -0.08 -0.01 0.12 0.03 0.30 0.30 0.00 424.414
-0.07 0.13 -0.07 -0.03 0.09 0.05 0.30 0.30 0.00 424.445
-0.07 0.10 -0.06 -0.03 0.05 0.07 0.30 0.30 0.00 424.477
-0.08 0.07 -0.05 -0.06 0.01 0.09 0.30 0.30 0.00 424.511
-0.08 0.06 -0.05 -0.05 -0.01 0.10 0.30 0.30 0.00 424.543
-0.08 0.04 -0.04 0.01 -0.02 0.12 0.30 0.30 0.00 424.579
-0.09 0.01 -0.03 -0.02 -0.01 0.13 0.30 0.30 0.00 424.611
-0.11 -0.05 0.01 0.06 0.02 0.08 0.30 0.30 0.00 424.676
-0.12 -0.08 0.04 0.02 0.02 0.06 0.30 0.30 0.00 424.712
-0.13 -0.09 0.06 0.07 0.00 0.06 0.30 0.30 0.00 424.745
-0.15 -0.10 0.09 0.04 -0.02 0.04 0.30 0.30 0.00 424.777
-0.17 -0.10 0.12 0.02 -0.04 0.03 0.30 0.30 0.00 424.810
-0.18 -0.11 0.16 -0.01 -0.05 0.01 0.30 0.30 0.00 424.844
-0.20 -0.11 0.19 0.02 -0.04 -0.01 0.30 0.30 0.00 424.876
-0.22 -0.11 0.24 0.01 -0.03 -0.00 0.30 0.30 0.00 424.912
-0.24 -0.11 0.27 -0.07 -0.04 0.01 0.30 0.30 0.00 424.944
-0.26 -0.09 0.30 -0.11 -0.03 0.00 0.30 0.30 0.00 424.981
-0.27 -0.08 0.32 -0.11 -0.03 0.01 0.30 0.30 0.00 425.016
-0.28 -0.07 0.33 -0.09 -0.01 0.03 0.30 0.30 0.00 425.047
-0.29 -0.06 0.35 -0.06 0.02 0.04 0.30 0.30 0.00 425.079
-0.30 -0.06 0.36 -0.04 0.03 0.06 0.30 0.30 0.00 425.110
-0.31 -0.05 0.36 -0.03 0.02 0.06 0.30 0.30 0.00 425.143
-0.32 -0.03 0.36 -0.04 0.00 0.04 0.30 0.30 0.00 425.176
-0.32 -0.01 0.35 -0.02 -0.03 0.01 0.30 0.30 0.00 425.210
-0.32 0.01 0.33 0.01 -0.02 -0.01 0.30 0.30 0.00 425.245
-0.31 0.03 0.28 -0.02 -0.03 -0.04 0.30 0.30 0.00 425.278
-0.31 0.03 0.20 0.03 -0.00 -0.11 0.30 0.30 0.00 425.343
-0.30 0.02 0.16 0.09 0.02 -0.12 0.30 0.30 0.00 425.380
-0.30 0.01 0.12 0.02 0.04 -0.12 0.30 0.30 0.00 425.413
-0.30 -0.01 0.09 -0.01 0.07 -0.71 -0.30 0.30 0.00 425.445
-0.29 -0.02 0.06 0.09 0.09 -0.72 -0.30 0.30 0.00 425.478
-0.21 -0.10 -0.14 0.15 0.01 0.03 -0.30 0.30 0.00 425.712
-0.20 -0.10 -0.15 0.15 -0.02 0.00 -0.30 0.30 0.00 425.746
-0.19 -0.09 -0.16 0.09 0.01 -0.01 -0.30 0.30 0.00 425.809
-0.19 -0.08 -0.15 0.04 0.02 0.05 -0.30 0.30 0.00 425.878
-0.19 -0.09 -0.13 -0.04 0.04 0.04 -0.30 0.30 0.00 425.912
-0.19 -0.09 -0.11 -0.08 0.06 0.04 -0.30 0.30 0.00 425.943
-0.19 -0.09 -0.08 -0.05 0.07 0.06 -0.30 0.30 0.00 425.982
-0.19 -0.09 -0.05 -0.06 0.06 0.08 -0.30 0.30 0.00 426.014
-0.19 -0.09 -0.02 -0.04 0.04 0.09 -0.30 0.30 0.00 426.046
-0.19 -0.08 0.01 -0.04 0.01 0.09 -0.30 0.30 0.00 426.081
-0.19 -0.08 0.04 -0.00 0.00 0.10 -0.30 0.30 0.00 426.109
-0.19 -0.08 0.07 -0.07 0.00 0.10 -0.30 0.30 0.00 426.142
-0.19 -0.08 0.09 -0.07 0.00 0.11 -0.30 0.30 0.00 426.176
-0.19 -0.08 0.12 -0.09 -0.01 0.11 -0.30 0.30 0.00 426.209
-0.19 -0.06 0.14 -0.15 -0.04 0.11 -0.30 0.30 0.00 426.245
-0.19 -0.02 0.18 -0.14 -0.09 0.05 -0.30 0.30 0.00 426.310
-0.18 0.00 0.19 -0.05 -0.12 0.03 -0.30 0.30 0.00 426.343
-0.18 0.02 0.21 -0.02 -0.14 0.02 -0.30 0.30 0.00 426.377
-0.17 0.05 0.22 -0.02 -0.13 0.01 -0.30 0.30 0.00 426.416
-0.16 0.06 0.21 -0.01 -0.08 -0.01 -0.30 0.30 0.00 426.449
-0.16 0.07 0.21 0.02 -0.03 -0.03 -0.30 0.30 0.00 426.476
-0.15 0.09 0.20 -0.05 0.00 -0.03 -0.30 0.30 0.00 426.514
-0.14 0.10 0.19 -0.08 0.03 -0.03 -0.30 0.30 0.00 426.547
-0.14 0.11 0.17 -0.06 0.02 -0.03 -0.30 0.30 0.00 426.582
-0.13 0.12 0.16 -0.04 0.02 -0.03 -0.30 0.30 0.00 426.611
-0.13 0.12 0.14 -0.00 0.02 -0.02 -0.30 0.30 0.00 426.646
-0.13 0.13 0.12 0.01 0.02 -0.03 -0.30 0.30 0.00 426.678
-0.13 0.14 0.09 -0.01 0.02 -0.03 -0.30 0.30 0.00 426.711
-0.12 0.14 0.07 0.04 0.03 -0.04 -0.30 0.30 0.00 426.746
-0.12 0.15 0.05 0.10 0.03 -0.05 -0.30 0.30 0.00 426.776
-0.12 0.15 0.02 0.06 0.04 -0.05 -0.30 0.30 0.00 426.810
-0.11 0.16 -0.00 -0.02 0.04 -0.06 -0.30 0.30 0.00 426.844
-0.11 0.16 -0.03 0.00 0.06 -0.08 -0.30 0.30 0.00 426.876
-0.11 0.15 -0.05 -0.05 0.05 -0.08 -0.30 0.30 0.00 426.911
-0.11 0.10 -0.15 0.04 0.08 0.02 -0.30 0.30 0.00 427.043
-0.11 0.08 -0.17 0.19 0.10 0.04 -0.30 0.30 0.00 427.079
-0.10 0.06 -0.19 0.22 0.09 0.04 -0.30 0.30 0.00 427.112
-0.10 -0.00 -0.23 0.12 0.07 -0.09 -0.30 0.30 0.00 427.246
-0.10 -0.01 -0.22 0.11 0.06 -0.09 -0.30 0.30 0.00 427.275
-0.10 -0.02 -0.22 -0.02 0.03 -0.09 -0.30 0.30 0.00 427.311
-0.13 -0.07 -0.18 0.07 0.45 0.08 -0.30 -0.30 0.00 427.444
-0.14 -0.07 -0.16 -0.01 0.41 0.10 -0.30 -0.30 0.00 427.476
-0.20 -0.03 0.01 -0.08 -0.07 0.04 -0.30 -0.30 0.00 427.711
-0.20 -0.01 0.02 -0.02 -0.02 0.03 -0.30 -0.30 0.00 427.744
-0.20 0.00 0.03 0.05 -0.02 0.02 -0.30 -0.30 0.00 427.777
-0.19 0.05 0.04 -0.05 -0.05 -0.05 -0.30 -0.30 0.00 427.876
-0.18 0.06 0.03 0.01 -0.05 -0.06 -0.30 -0.30 0.00 427.911
-0.17 0.08 0.01 -0.00 -0.03 -0.06 -0.30 -0.30 0.00 427.943
-0.17 0.09 -0.00 0.03 -0.01 -0.07 -0.30 -0.30 0.00 427.976
-0.16 0.10 -0.02 0.03 0.01 -0.08 -0.30 -0.30 0.00 428.019
-0.15 0.10 -0.03 0.05 0.02 -0.09 -0.30 -0.30 0.00 428.047
-0.14 0.11 -0.04 0.03 0.02 -0.09 -0.30 -0.30 0.00 428.080
-0.13 0.11 -0.06 0.04 0.01 -0.08 -0.30 -0.30 0.00 428.116
-0.13 0.11 -0.07 -0.00 0.00 -0.06 -0.30 -0.30 0.00 428.144
-0.12 0.10 -0.09 0.05 0.01 -0.04 -0.30 -0.30 0.00 428.177
-0.11 0.10 -0.10 0.12 0.02 -0.02 -0.30 -0.30 0.00 428.210
-0.10 0.10 -0.13 0.14 0.02 -0.01 -0.30 -0.30 0.00 428.246
-0.10 0.10 -0.15 0.01 0.02 0.00 -0.30 -0.30 0.00 428.276
-0.09 0.10 -0.17 0.09 0.05 0.01 -0.30 -0.30 0.00 428.308
-0.09 0.09 -0.19 0.06 0.07 0.02 -0.30 -0.30 0.00 428.343
-0.08 0.09 -0.21 0.02 0.09 0.02 -0.30 -0.30 0.00 428.376
-0.08 0.08 -0.22 0.01 0.11 0.02 -0.30 -0.30 0.00 428.411
-0.07 0.06 -0.24 0.02 0.12 0.02 -0.30 -0.30 0.00 428.445
-0.06 0.04 -0.26 0.05 0.11 0.02 -0.30 -0.30 0.00 428.476
-0.06 0.02 -0.26 0.02 0.09 0.03 -0.30 -0.30 0.00 428.510
-0.06 0.00 -0.26 0.04 0.07 0.04 -0.30 -0.30 0.00 428.544
-0.05 -0.01 -0.26 0.07 0.06 0.06 -0.30 -0.30 0.00 428.578
-0.05 -0.03 -0.25 0.07 0.04 0.08 -0.30 -0.30 0.00 428.610
-0.05 -0.05 -0.24 0.05 0.04 0.10 -0.30 -0.30 0.00 428.643
-0.08 -0.08 -0.15 -0.05 0.06 0.07 -0.30 -0.30 0.00 428.810
-0.09 -0.08 -0.13 -0.16 0.05 0.07 -0.30 -0.30 0.00 428.844
-0.10 -0.07 -0.12 -0.22 0.03 0.07 -0.30 -0.30 0.00 428.878
-0.17 0.10 -0.06 -0.04 -0.10 -0.14 -0.30 -0.30 0.00 429.310
-0.16 0.11 -0.09 0.08 -0.13 -0.14 -0.30 -0.30 0.00 429.377
-0.14 0.08 -0.14 0.09 0.10 0.23 0.00 -0.30 0.00 429.508
-0.13 0.08 -0.15 -0.04 0.10 0.24 0.00 -0.30 0.00 429.542
-0.13 0.08 -0.15 -0.01 0.10 0.24 0.00 -0.30 0.00 429.576
-0.11 0.07 -0.19 -0.06 0.05 -0.03 0.00 -0.30 0.00 429.743
-0.10 0.06 -0.21 -0.03 0.05 -0.03 0.00 -0.30 0.00 429.775
-0.10 0.05 -0.22 -0.09 0.06 -0.04 0.00 -0.30 0.00 429.809
-0.10 0.03 -0.22 -0.05 0.06 -0.05 0.00 -0.30 0.00 429.842
-0.10 0.01 -0.21 -0.05 0.05 -0.04 0.00 -0.30 0.00 429.876
-0.09 -0.00 -0.21 -0.03 0.04 -0.04 0.00 -0.30 0.00 429.909
-0.09 -0.02 -0.20 -0.09 0.03 -0.04 0.00 -0.30 0.00 429.941
-0.09 -0.04 -0.18 -0.04 0.02 -0.03 0.00 -0.30 0.00 429.977
-0.10 -0.05 -0.17 -0.03 0.01 -0.03 0.00 -0.30 0.00 430.010
-0.10 -0.06 -0.15 -0.06 -0.01 -0.03 0.00 -0.30 0.00 430.045
-0.11 -0.06 -0.12 -0.07 -0.01 -0.02 0.00 -0.30 0.00 430.083
-0.12 -0.07 -0.10 -0.05 -0.01 -0.01 0.00 -0.30 0.00 430.110
-0.13 -0.08 -0.08 -0.07 -0.01 -0.01 0.00 -0.30 0.00 430.143
-0.14 -0.08 -0.06 -0.04 -0.01 -0.01 0.00 -0.30 0.00 430.177
-0.14 -0.08 -0.04 -0.04 -0.02 -0.01 0.00 -0.30 0.00 430.210
-0.15 -0.08 -0.03 -0.08 -0.01 -0.01 0.00 -0.30 0.00 430.245
-0.16 -0.08 -0.01 -0.03 -0.02 -0.01 0.00 -0.30 0.00 430.277
-0.17 -0.08 0.01 -0.05 -0.02 -0.01 0.00 -0.30 0.00 430.310
-0.18 -0.08 0.04 -0.03 -0.01 -0.01 0.00 -0.30 0.00 430.342
-0.19 -0.08 0.06 -0.09 -0.02 -0.01 0.00 -0.30 0.00 430.376
-0.19 -0.08 0.09 -0.10 -0.02 -0.01 0.00 -0.30 0.00 430.410
-0.20 -0.07 0.11 0.00 -0.02 -0.01 0.00 -0.30 0.00 430.443
-0.21 -0.07 0.13 0.04 -0.02 -0.02 0.00 -0.30 0.00 430.479
-0.21 -0.06 0.15 0.10 -0.01 -0.04 0.00 -0.30 0.00 430.513
-0.22 -0.06 0.16 0.10 -0.02 -0.04 0.00 -0.30 0.00 430.542
-0.22 -0.04 0.18 0.09 -0.03 -0.04 0.00 -0.30 0.00 430.577
-0.22 -0.03 0.19 0.13 -0.04 -0.04 0.00 -0.30 0.00 430.610
-0.22 -0.02 0.20 0.09 -0.05 -0.04 0.00 -0.30 0.00 430.643
-0.22 0.00 0.21 0.10 -0.07 -0.05 0.00 -0.30 0.00 430.675
-0.21 0.02 0.22 0.05 -0.08 -0.05 0.00 -0.30 0.00 430.708
-0.21 0.03 0.22 0.02 -0.07 -0.05 0.00 -0.30 0.00 430.744
-0.21 0.05 0.22 -0.06 -0.04 -0.04 0.00 -0.30 0.00 430.777
-0.20 0.06 0.23 -0.02 -0.03 -0.03 0.00 -0.30 0.00 430.810
-0.20 0.07 0.23 -0.02 -0.00 -0.02 0.00 -0.30 0.00 430.843
-0.19 0.09 0.23 -0.01 0.02 -0.02 0.00 -0.30 0.00 430.876
-0.18 0.10 0.21 0.02 0.03 -0.02 0.00 -0.30 0.00 430.912
-0.17 0.11 0.20 0.04 0.04 -0.03 0.00 -0.30 0.00 430.943
-0.17 0.12 0.17 0.03 0.03 -0.04 0.00 -0.30 0.00 430.975
-0.16 0.13 0.15 -0.03 0.02 -0.06 0.00 -0.30 0.00 431.008
-0.15 0.14 0.13 -0.02 0.02 -0.08 0.00 -0.30 0.00 431.044
-0.15 0.14 0.12 0.06 0.04 -0.09 0.00 -0.30 0.00 431.077
-0.14 0.14 0.10 0.05 0.06 -0.09 0.00 -0.30 0.00 431.108
-0.13 0.14 0.08 -0.03 0.07 -0.09 0.00 -0.30 0.00 431.146
-0.13 0.14 0.06 0.06 0.08 -0.09 0.00 -0.30 0.00 431.175
-0.12 0.14 0.05 -0.07 0.05 -0.08 0.00 -0.30 0.00 431.210
-0.11 0.16 -0.04 -0.08 0.02 -0.04 0.00 -0.30 0.00 431.308
-0.11 0.17 -0.07 0.03 0.04 -0.02 0.00 -0.30 0.00 431.339
-0.10 0.16 -0.09 0.11 0.04 -0.02 0.00 -0.30 0.00 431.374
-0.10 0.16 -0.12 0.10 0.04 -0.01 0.00 -0.30 0.00 431.409
-0.10 0.16 -0.14 0.03 -0.18 0.00 0.00 0.00 0.00 431.439
-0.10 0.15 -0.16 0.03 -0.18 0.01 0.00 0.00 0.00 431.473
-0.10 0.14 -0.19 0.02 -0.18 0.03 0.00 0.00 0.00 431.507
-0.10 0.12 -0.23 0.11 0.09 0.14 0.00 0.00 0.00 431.607
-0.10 0.11 -0.24 0.00 0.09 0.12 0.00 0.00 0.00 431.640
-0.10 0.06 -0.25 0.07 0.08 0.04 0.00 0.00 0.00 431.742
-0.11 0.05 -0.23 0.05 0.06 0.03 0.00 0.00 0.00 431.774
-0.12 0.04 -0.21 0.07 0.05 0.03 0.00 0.00 0.00 431.809
-0.13 0.04 -0.19 0.13 0.01 0.02 0.00 0.00 0.00 431.840
-0.13 0.03 -0.17 0.06 -0.01 0.01 0.00 0.00 0.00 431.874
-0.15 0.02 -0.15 0.08 -0.02 0.01 0.00 0.00 0.00 431.910
-0.16 0.01 -0.13 0.08 -0.02 0.01 0.00 0.00 0.00 431.941
-0.17 0.00 -0.11 0.08 -0.02 0.01 0.00 0.00 0.00 431.977
-0.18 0.00 -0.10 0.07 -0.03 0.02 0.00 0.00 0.00 432.013
-0.19 0.00 -0.08 0.09 -0.03 0.02 0.00 0.00 0.00 432.044
-0.21 0.01 -0.07 0.12 -0.02 0.02 0.00 0.00 0.00 432.076
-0.22 0.01 -0.06 0.07 -0.03 0.02 0.00 0.00 0.00 432.108
-0.23 0.01 -0.04 0.08 -0.03 0.02 0.00 0.00 0.00 432.140
-0.24 0.01 -0.02 0.02 -0.03 0.03 0.00 0.00 0.00 432.175
-0.26 0.02 -0.01 -0.02 -0.03 0.03 0.00 0.00 0.00 432.206
-0.27 0.02 0.01 -0.01 -0.03 0.03 0.00 0.00 0.00 432.240
-0.28 0.02 0.03 -0.03 -0.02 0.04 0.00 0.00 0.00 432.276
-0.29 0.03 0.04 -0.05 -0.03 0.03 0.00 0.00 0.00 432.307
-0.30 0.03 0.05 -0.08 -0.03 0.04 0.00 0.00 0.00 432.340
-0.31 0.04 0.07 -0.12 -0.03 0.04 0.00 0.00 0.00 432.375
-0.32 0.04 0.08 -0.15 -0.03 0.04 0.00 0.00 0.00 432.409
-0.33 0.04 0.10 -0.12 -0.03 0.04 0.00 0.00 0.00 432.442
-0.34 0.05 0.12 -0.14 -0.02 0.05 0.00 0.00 0.00 432.474
-0.35 0.06 0.13 -0.16 -0.03 0.05 0.00 0.00 0.00 432.505
-0.35 0.07 0.14 -0.13 -0.04 0.04 0.00 0.00 0.00 432.541
-0.35 0.09 0.15 -0.10 -0.05 0.03 0.00 0.00 0.00 432.577
-0.36 0.11 0.16 -0.12 -0.05 0.02 0.00 0.00 0.00 432.606
-0.36 0.12 0.17 -0.08 -0.04 0.01 0.00 0.00 0.00 432.640
-0.36 0.12 0.18 -0.07 -0.03 -0.00 0.00 0.00 0.00 432.672
-0.36 0.13 0.18 -0.07 -0.01 -0.01 0.00 0.00 0.00 432.708
-0.36 0.13 0.18 0.01 0.02 -0.01 0.00 0.00 0.00 432.742
-0.35 0.14 0.17 0.03 0.02 -0.01 0.00 0.00 0.00 432.775
-0.33 0.15 0.15 0.00 0.01 -0.03 0.00 0.00 0.00 432.810
-0.32 0.15 0.14 0.01 0.01 -0.05 0.00 0.00 0.00 432.842
-0.30 0.16 0.13 0.02 0.01 -0.07 0.00 0.00 0.00 432.873
-0.27 0.16 0.11 -0.01 0.01 -0.10 0.00 0.00 0.00 432.910
-0.26 0.17 0.11 0.02 0.03 -0.11 0.00 0.00 0.00 432.942
-0.23 0.17 0.09 0.05 0.03 -0.12 0.00 0.00 0.00 432.975
-0.22 0.17 0.07 0.05 0.04 -0.12 0.00 0.00 0.00 433.008
-0.20 0.17 0.06 0.08 0.04 -0.11 0.00 0.00 0.00 433.043
-0.18 0.18 0.04 0.06 0.03 -0.09 0.00 0.00 0.00 433.076
-0.17 0.18 0.03 0.15 0.03 -0.07 0.00 0.00 0.00 433.107
-0.16 0.18 0.02 0.04 0.01 -0.04 0.00 0.00 0.00 433.142
-0.15 0.18 0.01 -0.02 -0.00 -0.02 0.00 0.00 0.00 433.174
-0.13 0.18 -0.01 -0.05 -0.01 -0.01 0.00 0.00 0.00 433.206
-0.12 0.18 -0.02 -0.06 0.00 0.00 0.00 0.00 0.00 433.241
-0.11 0.17 -0.03 0.01 0.01 0.02 0.00 0.00 0.00 433.273
-0.10 0.17 -0.05 0.04 0.01 0.02 0.00 0.00 0.00 433.306
-0.09 0.16 -0.07 0.04 0.02 0.03 0.00 0.00 0.00 433.340
-0.08 0.15 -0.09 0.08 0.04 0.02 0.00 0.00 0.00 433.374
-0.07 0.14 -0.11 0.03 0.04 0.02 0.00 0.00 0.00 433.408
-0.06 0.14 -0.13 0.05 0.05 0.02 0.00 0.00 0.00 433.442
-0.05 0.13 -0.16 0.07 0.06 0.01 0.00 0.00 0.00 433.473
-0.04 0.11 -0.19 0.08 0.06 0.01 0.00 0.00 0.00 433.506
-0.03 0.09 -0.20 0.05 0.07 0.01 0.00 0.00 0.00 433.539
-0.04 0.08 -0.21 0.05 0.06 0.03 0.00 0.00 0.00 433.576
-0.04 0.07 -0.21 0.09 0.03 0.04 0.00 0.00 0.00 433.606
-0.04 0.05 -0.21 0.06 0.02 0.05 0.00 0.00 0.00 433.639
-0.05 0.03 -0.20 0.05 0.01 0.06 0.00 0.00 0.00 433.673
-0.06 0.02 -0.19 -0.02 0.01 0.07 0.00 0.00 0.00 433.706
-0.08 0.01 -0.17 -0.01 0.01 0.08 0.00 0.00 0.00 433.740
-0.10 0.00 -0.15 0.02 0.01 0.10 0.00 0.00 0.00 433.774
-0.12 -0.01 -0.12 0.07 0.02 0.12 0.00 0.00 0.00 433.808
-0.14 -0.02 -0.11 0.03 0.01 0.13 0.00 0.00 0.00 433.839
-0.15 -0.03 -0.09 -0.01 0.02 0.14 0.00 0.00 0.00 433.873
-0.17 -0.03 -0.08 -0.05 0.03 0.13 0.00 0.00 0.00 433.909
-0.20 -0.02 -0.04 -0.15 -0.00 0.07 0.00 0.00 0.00 433.975
-0.22 0.01 -0.01 -0.20 -0.03 0.02 0.00 0.00 0.00 434.042
-0.23 0.02 0.01 -0.12 -0.03 0.01 0.00 0.00 0.00 434.075
-0.24 0.04 0.03 -0.08 -0.05 -0.00 0.00 0.00 0.00 434.106
-0.25 0.05 0.05 -0.05 -0.06 -0.01 0.00 0.00 0.00 434.139
-0.25 0.06 0.06 -0.07 -0.07 -0.00 0.00 0.00 0.00 434.172
-0.25 0.07 0.07 -0.11 -0.07 -0.02 0.00 0.00 0.00 434.206
-0.26 0.08 0.08 -0.06 -0.05 -0.03 0.00 0.00 0.00 434.240
-0.26 0.09 0.08 0.01 -0.04 -0.03 0.00 0.00 0.00 434.272
-0.25 0.11 0.07 0.01 -0.03 -0.03 0.00 0.00 0.00 434.308
-0.25 0.12 0.06 -0.01 -0.01 -0.05 0.00 0.00 0.00 434.339
-0.24 0.14 0.05 -0.02 -0.00 -0.06 0.00 0.00 0.00 434.373
-0.22 0.15 0.02 0.09 0.02 -0.07 0.00 0.00 0.00 434.406
-0.20 0.17 -0.02 0.10 0.02 -0.11 0.00 0.00 0.00 434.472
-0.19 0.17 -0.05 -0.03 -0.00 -0.13 0.00 0.00 0.00 434.505
-0.18 0.17 -0.06 -0.04 -0.00 -0.14 0.00 0.00 0.00 434.538
-0.17 0.16 -0.08 0.02 0.00 -0.13 0.00 0.00 0.00 434.573
-0.16 0.15 -0.11 0.07 0.02 -0.11 0.00 0.00 0.00 434.606
-0.15 0.14 -0.12 0.01 0.03 -0.09 0.00 0.00 0.00 434.640
-0.14 0.13 -0.14 0.07 0.05 -0.06 0.00 0.00 0.00 434.674
-0.13 0.13 -0.16 0.11 0.05 -0.04 0.00 0.00 0.00 434.706
-0.12 0.12 -0.17 0.13 0.06 -0.02 0.00 0.00 0.00 434.742
-0.11 0.11 -0.18 0.12 0.05 -0.01 0.00 0.00 0.00 434.774
-0.10 0.09 -0.19 0.12 0.04 -0.01 0.00 0.00 0.00 434.805
-0.09 0.08 -0.20 0.06 0.04 -0.01 0.00 0.00 0.00 434.839
-0.08 0.06 -0.20 -0.03 0.03 0.00 0.00 0.00 0.00 434.874
-0.07 0.04 -0.20 -0.07 0.04 0.00 0.00 0.00 0.00 434.909
-0.07 0.02 -0.20 -0.04 0.04 0.01 0.00 0.00 0.00 434.940
-0.07 -0.01 -0.19 0.00 0.04 0.03 0.00 0.00 0.00 434.977
-0.07 -0.03 -0.17 0.02 0.04 0.04 0.00 0.00 0.00 435.007
-0.08 -0.04 -0.15 0.02 0.02 0.06 0.00 0.00 0.00 435.041
-0.09 -0.05 -0.12 -0.02 0.02 0.07 0.00 0.00 0.00 435.075
-0.10 -0.06 -0.11 -0.03 0.02 0.08 0.00 0.00 0.00 435.106
-0.10 -0.06 -0.09 -0.04 0.02 0.09 0.00 0.00 0.00 435.138
-0.11 -0.06 -0.07 -0.07 0.02 0.10 0.00 0.00 0.00 435.174
-0.12 -0.05 -0.05 -0.09 0.03 0.11 0.00 0.00 0.00 435.206
-0.13 -0.05 -0.02 -0.14 0.01 0.12 0.00 0.00 0.00 435.240
-0.15 -0.02 0.05 -0.15 -0.03 0.06 0.00 0.00 0.00 435.338
-0.16 -0.01 0.06 -0.11 -0.04 0.04 0.00 0.00 0.00 435.373
-0.16 -0.00 0.08 -0.08 -0.06 0.03 0.00 0.00 0.00 435.407
-0.16 0.01 0.09 -0.13 -0.08 0.02 0.00 0.00 0.00 435.439
-0.17 0.02 0.10 -0.11 -0.08 -0.00 0.00 0.00 0.00 435.472
-0.17 0.04 0.11 -0.05 -0.07 -0.01 0.00 0.00 0.00 435.506
-0.17 0.05 0.11 -0.04 -0.04 -0.02 0.00 0.00 0.00 435.539
-0.17 0.07 0.11 0.04 -0.02 -0.03 0.00 0.00 0.00 435.573
-0.17 0.08 0.10 0.07 0.00 -0.03 0.00 0.00 0.00 435.606
-0.17 0.09 0.09 0.04 0.02 -0.03 0.00 0.00 0.00 435.641
-0.16 0.09 0.08 0.02 0.03 -0.03 0.00 0.00 0.00 435.673
-0.16 0.09 0.08 0.03 0.03 -0.04 0.00 0.00 0.00 435.706
-0.16 0.09 0.07 0.03 0.03 -0.04 0.00 0.00 0.00 435.740
-0.15 0.09 0.06 0.01 0.03 -0.05 0.00 0.00 0.00 435.770
-0.15 0.09 0.05 0.03 0.04 -0.06 0.00 0.00 0.00 435.808
-0.14 0.10 0.04 0.02 0.04 -0.06 0.00 0.00 0.00 435.840
-0.14 0.11 0.04 0.01 0.04 -0.07 0.00 0.00 0.00 435.871
-0.14 0.13 0.02 0.02 0.02 -0.09 0.00 0.00 0.00 435.907
-0.14 0.16 -0.01 0.04 0.01 -0.10 0.00 0.00 0.00 435.942
-0.14 0.19 -0.02 0.01 -0.02 -0.10 0.00 0.00 0.00 435.973
-0.14 0.20 -0.02 -0.02 -0.03 -0.08 0.00 0.00 0.00 436.008
-0.14 0.21 -0.03 0.03 -0.01 -0.06 0.00 0.00 0.00 436.042
-0.15 0.23 -0.03 0.08 0.00 -0.03 0.00 0.00 0.00 436.076
-0.15 0.24 -0.03 0.09 0.01 -0.00 0.00 0.00 0.00 436.105
-0.15 0.26 -0.05 0.12 0.02 0.01 0.00 0.00 0.00 436.139
-0.15 0.27 -0.06 0.11 0.01 0.02 0.00 0.00 0.00 436.172
-0.15 0.27 -0.06 0.11 0.01 0.01 0.00 0.00 0.00 436.206
-0.15 0.27 -0.06 0.09 0.03 0.01 0.00 0.00 0.00 436.239
-0.15 0.27 -0.07 0.07 0.03 0.01 0.00 0.00 0.00 436.271
-0.14 0.26 -0.07 0.00 0.04 0.00 0.00 0.00 0.00 436.305
-0.14 0.25 -0.07 0.02 0.05 0.00 0.00 0.00 0.00 436.337
-0.13 0.25 -0.07 0.04 0.06 -0.00 0.00 0.00 0.00 436.371
-0.13 0.25 -0.07 -0.01 0.07 0.00 0.00 0.00 0.00 436.405
-0.13 0.24 -0.08 -0.03 0.07 0.00 0.00 0.00 0.00 436.437
-0.12 0.24 -0.08 -0.06 0.06 0.00 0.00 0.00 0.00 436.474
-0.12 0.24 -0.09 -0.06 0.04 0.01 0.00 0.00 0.00 436.506
-0.11 0.22 -0.09 0.02 0.03 0.01 0.00 0.00 0.00 436.539
-0.11 0.21 -0.09 0.00 0.03 0.01 0.00 0.00 0.00 436.575
-0.10 0.20 -0.09 0.00 0.02 0.02 0.00 0.00 0.00 436.605
-0.10 0.17 -0.08 -0.03 0.02 0.02 0.00 0.00 0.00 436.638
-0.09 0.15 -0.08 -0.08 0.02 0.02 0.00 0.00 0.00 436.672
-0.09 0.13 -0.07 0.01 0.03 0.03 0.00 0.00 0.00 436.706
-0.09 0.10 -0.05 -0.03 0.04 0.03 0.00 0.00 0.00 436.741
-0.09 0.08 -0.04 0.02 0.04 0.04 0.00 0.00 0.00 436.771
-0.09 0.07 -0.03 0.00 0.03 0.04 0.00 0.00 0.00 436.805
-0.09 0.05 -0.01 -0.01 0.03 0.05 0.00 0.00 0.00 436.839
-0.10 0.05 0.01 -0.04 0.01 0.05 0.00 0.00 0.00 436.871
-0.10 0.04 0.03 -0.03 -0.00 0.06 0.00 0.00 0.00 436.907
-0.11 0.04 0.05 -0.00 -0.01 0.06 0.00 0.00 0.00 436.936
-0.11 0.03 0.07 -0.02 -0.02 0.07 0.00 0.00 0.00 436.970
-0.11 0.03 0.09 0.00 -0.02 0.07 0.00 0.00 0.00 437.003
-0.12 0.04 0.13 -0.02 -0.02 0.08 0.00 0.00 0.00 437.040
-0.12 0.05 0.15 -0.01 -0.03 0.07 0.00 0.00 0.00 437.074
-0.12 0.06 0.16 -0.07 -0.03 0.05 0.00 0.00 0.00 437.106
-0.13 0.08 0.18 -0.07 -0.04 0.03 0.00 0.00 0.00 437.139
-0.13 0.10 0.19 -0.06 -0.06 0.01 0.00 0.00 0.00 437.174
-0.13 0.12 0.21 -0.03 -0.07 -0.01 0.00 0.00 0.00 437.208
-0.13 0.13 0.23 -0.02 -0.08 -0.03 0.00 0.00 0.00 437.243
-0.13 0.14 0.24 -0.01 -0.08 -0.02 0.00 0.00 0.00 437.275
-0.13 0.15 0.24 -0.01 -0.06 -0.02 0.00 0.00 0.00 437.305
-0.13 0.17 0.22 -0.02 -0.04 -0.02 0.00 0.00 0.00 437.340
-0.12 0.17 0.20 0.01 -0.02 -0.02 0.00 0.00 0.00 437.374
-0.12 0.17 0.16 -0.02 0.00 -0.02 0.00 0.00 0.00 437.406
-0.11 0.17 0.12 -0.02 0.03 -0.04 0.00 0.00 0.00 437.438
-0.11 0.18 0.09 -0.05 0.04 -0.05 0.00 0.00 0.00 437.472
-0.10 0.18 0.07 0.02 0.04 -0.06 0.00 0.00 0.00 437.506
-0.10 0.18 0.05 -0.03 0.04 -0.07 0.00 0.00 0.00 437.543
-0.10 0.16 0.03 0.01 0.05 -0.08 0.00 0.00 0.00 437.574
-0.10 0.15 0.01 -0.03 0.06 -0.09 0.00 0.00 0.00 437.605
-0.10 0.14 -0.02 0.00 0.07 -0.09 0.00 0.00 0.00 437.637
-0.10 0.13 -0.04 -0.04 0.08 -0.09 0.00 0.00 0.00 437.673
-0.10 0.12 -0.05 -0.09 0.07 -0.06 0.00 0.00 0.00 437.705
-0.11 0.07 -0.04 0.08 0.06 0.04 0.00 0.00 0.00 437.805
-0.11 0.06 -0.03 0.08 0.03 0.05 0.00 0.00 0.00 437.836
-0.11 0.06 -0.03 0.07 -0.00 0.05 0.00 0.00 0.00 437.870
-0.11 0.05 -0.02 0.07 -0.03 0.04 0.00 0.00 0.00 437.905
-0.10 0.02 -0.00 0.09 -0.04 0.03 0.00 0.00 0.00 437.937
-0.10 0.01 -0.01 0.06 -0.03 0.04 0.00 0.00 0.00 437.975
-0.11 0.03 -0.01 0.03 -0.02 0.05 0.00 0.00 0.00 438.009
-0.11 0.04 -0.01 0.02 -0.04 0.04 0.00 0.00 0.00 438.041
-0.12 0.04 -0.01 -0.02 -0.05 0.04 0.00 0.00 0.00 438.074
-0.12 0.04 -0.02 0.02 -0.06 0.04 0.00 0.00 0.00 438.105
-0.13 0.03 -0.02 0.01 -0.05 0.04 0.00 0.00 0.00 438.138
-0.14 0.02 -0.02 -0.01 -0.04 0.05 0.00 0.00 0.00 438.173
-0.14 0.01 -0.02 0.04 -0.04 0.05 0.00 0.00 0.00 438.205
-0.15 -0.00 -0.02 0.01 -0.03 0.04 0.00 0.00 0.00 438.239
-0.15 -0.01 -0.02 0.04 -0.02 0.04 0.00 0.00 0.00 438.271
-0.15 -0.02 -0.02 -0.02 -0.01 0.03 0.00 0.00 0.00 438.304
-0.16 -0.03 -0.02 0.00 0.00 0.02 0.00 0.00 0.00 438.339
-0.16 -0.03 -0.02 0.04 0.00 0.02 0.00 0.00 0.00 438.371
-0.17 -0.04 -0.02 0.05 0.01 0.01 0.00 0.00 0.00 438.406
-0.17 -0.05 -0.02 0.03 0.02 0.01 0.00 0.00 0.00 438.437
-0.16 -0.07 -0.02 -0.02 0.04 0.01 0.00 0.00 0.00 438.469
-0.17 -0.07 -0.01 -0.05 0.04 0.01 0.00 0.00 0.00 438.505
-0.17 -0.07 -0.01 -0.03 0.03 0.00 0.00 0.00 0.00 438.537
-0.17 -0.07 -0.01 0.01 0.02 0.00 0.00 0.00 0.00 438.572
-0.17 -0.07 -0.01 0.09 0.00 0.00 0.00 0.00 0.00 438.604
-0.16 -0.07 -0.02 0.02 0.00 -0.00 0.00 0.00 0.00 438.639
-0.15 -0.07 -0.02 -0.03 -0.00 -0.01 0.00 0.00 0.00 438.672
-0.15 -0.07 -0.02 0.01 -0.00 -0.02 0.00 0.00 0.00 438.706
-0.13 -0.07 -0.02 0.02 -0.00 -0.03 0.00 0.00 0.00 438.741
-0.12 -0.07 -0.02 -0.01 -0.00 -0.04 0.00 0.00 0.00 438.772
