0.13 -0.08 -0.02 0.03 -0.01 0.02 0.00 0.00 0.00 274.632
0.13 -0.08 -0.02 0.04 -0.01 0.02 0.00 0.00 0.00 274.919
0.13 -0.08 -0.02 0.04 -0.01 0.02 0.00 0.00 0.00 274.948
0.13 -0.08 -0.02 0.05 -0.01 0.02 0.00 0.00 0.00 274.967
0.13 -0.08 -0.02 0.05 -0.01 0.02 0.00 0.00 0.00 274.985
0.13 -0.08 -0.02 0.05 -0.01 0.02 0.00 0.00 0.00 275.002
0.13 -0.08 -0.02 0.05 -0.01 0.02 0.00 0.00 0.00 275.017
0.13 -0.08 -0.02 0.06 -0.01 0.02 0.00 0.00 0.00 275.035
0.13 -0.08 -0.02 0.05 -0.01 0.02 0.00 0.00 0.00 275.050
0.13 -0.08 -0.02 0.05 -0.01 0.02 0.00 0.00 0.00 275.070
0.13 -0.08 -0.02 0.05 -0.01 0.02 0.00 0.00 0.00 275.083
0.13 -0.08 -0.02 0.04 -0.01 0.02 0.00 0.00 0.00 275.116
0.13 -0.08 -0.02 0.01 -0.02 0.02 0.00 0.00 0.00 275.152
0.13 -0.08 -0.02 -0.00 -0.01 0.02 0.00 0.00 0.00 275.183
0.13 -0.08 -0.02 -0.02 -0.01 0.02 0.00 0.00 0.00 275.215
0.13 -0.08 -0.02 -0.01 -0.01 0.02 0.00 0.00 0.00 275.249
0.13 -0.08 -0.02 -0.02 -0.01 0.02 0.00 0.00 0.00 275.281
0.13 -0.08 -0.02 -0.01 -0.01 0.02 0.00 0.00 0.00 275.316
0.13 -0.08 -0.02 -0.02 -0.01 0.02 0.00 0.00 0.00 275.347
0.13 -0.08 -0.02 -0.02 -0.01 0.02 0.00 0.00 0.00 275.381
0.13 -0.08 -0.02 -0.03 -0.01 0.02 0.00 0.00 0.00 275.416
0.13 -0.08 -0.02 -0.02 -0.01 0.02 0.00 0.00 0.00 275.449
0.13 -0.08 -0.02 -0.03 -0.01 0.02 0.00 0.00 0.00 275.483
0.13 -0.08 -0.02 -0.03 -0.01 0.02 0.00 0.00 0.00 275.513
0.13 -0.08 -0.02 -0.03 -0.01 0.02 0.00 0.00 0.00 275.548
0.13 -0.08 -0.02 -0.03 -0.01 0.02 0.00 0.00 0.00 275.581
0.13 -0.08 -0.02 -0.02 -0.01 0.02 0.00 0.00 0.00 275.615
0.13 -0.08 -0.02 -0.03 -0.01 0.02 0.00 0.00 0.00 275.650
0.13 -0.08 -0.02 -0.03 -0.01 0.02 0.00 0.00 0.00 275.681
0.13 -0.08 -0.02 -0.02 -0.01 0.02 0.00 0.00 0.00 275.716
0.13 -0.08 -0.02 -0.02 -0.01 0.02 0.00 0.00 0.00 275.748
0.13 -0.08 -0.02 -0.02 -0.01 0.02 0.00 0.00 0.00 275.782
0.13 -0.08 -0.02 -0.03 -0.01 0.02 0.00 0.00 0.00 275.818
0.13 -0.08 -0.02 -0.03 -0.01 0.02 0.00 0.00 0.00 275.848
0.13 -0.08 -0.02 -0.03 -0.01 0.02 0.00 0.00 0.00 275.881
0.13 -0.08 -0.02 -0.03 -0.01 0.02 0.00 0.00 0.00 275.915
0.13 -0.08 -0.02 -0.02 -0.01 0.02 0.00 0.00 0.00 275.948
0.13 -0.08 -0.02 -0.02 -0.01 0.02 0.00 0.00 0.00 275.983
0.13 -0.08 -0.02 -0.01 -0.01 0.02 0.00 0.00 0.00 276.014
0.13 -0.08 -0.02 -0.02 -0.01 0.02 0.00 0.00 0.00 276.048
0.13 -0.08 -0.02 -0.02 -0.01 0.02 0.00 0.00 0.00 276.081
0.13 -0.08 -0.02 -0.01 -0.01 0.02 0.00 0.00 0.00 276.117
0.13 -0.08 -0.02 -0.01 -0.01 0.02 0.00 0.00 0.00 276.148
0.13 -0.08 -0.02 -0.01 -0.01 0.31 0.30 0.00 0.00 276.181
0.13 -0.08 -0.02 -0.01 -0.01 0.31 0.30 0.00 0.00 276.214
0.13 -0.08 -0.02 -0.01 -0.01 0.31 0.30 0.00 0.00 276.246
0.13 -0.08 -0.03 -0.06 -0.01 0.30 0.30 0.00 0.00 276.280
0.13 -0.08 -0.02 -0.03 0.00 -0.10 0.30 0.00 0.00 276.379
0.13 -0.08 -0.02 -0.10 -0.02 -0.15 0.30 0.00 0.00 276.414
0.13 -0.08 -0.02 -0.17 -0.02 -0.16 0.30 0.00 0.00 276.447
0.13 -0.08 -0.02 -0.14 -0.00 -0.16 0.30 0.00 0.00 276.481
0.13 -0.08 -0.02 -0.07 0.04 -0.13 0.30 0.00 0.00 276.514
0.13 -0.08 -0.02 -0.04 0.09 -0.09 0.30 0.00 0.00 276.548
0.13 -0.08 -0.02 -0.03 0.09 -0.06 0.30 0.00 0.00 276.584
0.13 -0.08 -0.02 0.01 0.09 -0.04 0.30 0.00 0.00 276.613
0.13 -0.08 -0.02 0.00 0.08 -0.01 0.30 0.00 0.00 276.649
0.13 -0.08 -0.02 0.02 0.05 -0.00 0.30 0.00 0.00 276.680
0.13 -0.08 -0.02 0.03 0.02 -0.00 0.30 0.00 0.00 276.714
0.13 -0.08 -0.02 0.04 0.00 -0.00 0.30 0.00 0.00 276.747
0.13 -0.08 -0.02 0.06 -0.01 -0.01 0.30 0.00 0.00 276.783
0.13 -0.08 -0.02 0.07 -0.03 -0.01 0.30 0.00 0.00 276.825
0.13 -0.08 -0.02 0.07 -0.03 -0.01 0.30 0.00 0.00 276.848
0.13 -0.08 -0.02 0.07 -0.03 -0.01 0.30 0.00 0.00 276.883
0.13 -0.08 -0.02 0.06 -0.03 -0.01 0.30 0.00 0.00 276.918
0.13 -0.08 -0.02 0.07 -0.03 -0.01 0.30 0.00 0.00 276.950
0.13 -0.08 -0.02 0.06 -0.03 -0.01 0.30 0.00 0.00 276.984
0.13 -0.08 -0.02 0.06 -0.03 -0.01 0.30 0.00 0.00 277.014
0.13 -0.08 -0.02 0.04 -0.04 -0.01 0.30 0.00 0.00 277.047
0.13 -0.08 -0.02 0.03 -0.04 -0.01 0.30 0.00 0.00 277.082
0.13 -0.08 -0.02 0.04 -0.05 -0.01 0.30 0.00 0.00 277.116
0.13 -0.08 -0.02 0.03 -0.05 -0.01 0.30 0.00 0.00 277.149
0.13 -0.08 -0.02 0.03 -0.05 -0.01 0.30 0.00 0.00 277.181
0.13 -0.08 -0.02 0.03 -0.06 -0.01 0.30 0.00 0.00 277.212
0.13 -0.08 -0.02 0.03 -0.05 -0.01 0.30 0.00 0.00 277.246
0.13 -0.08 -0.02 0.02 -0.04 -0.01 0.30 0.00 0.00 277.279
0.13 -0.08 -0.02 0.04 -0.03 -0.01 0.30 0.00 0.00 277.315
0.13 -0.08 -0.02 0.02 -0.02 -0.01 0.30 0.00 0.00 277.346
0.13 -0.08 -0.02 0.03 -0.01 -0.01 0.30 0.00 0.00 277.379
0.13 -0.08 -0.02 0.03 -0.01 -0.01 0.30 0.00 0.00 277.412
0.13 -0.08 -0.02 0.02 -0.01 -0.01 0.30 0.00 0.00 277.446
0.13 -0.08 -0.02 0.02 -0.01 -0.01 0.30 0.00 0.00 277.481
0.13 -0.08 -0.02 0.03 -0.01 -0.01 0.30 0.00 0.00 277.513
0.13 -0.08 -0.02 0.03 -0.01 -0.01 0.30 0.00 0.00 277.547
0.13 -0.08 -0.02 0.01 -0.02 -0.01 0.30 0.00 0.00 277.582
0.13 -0.08 -0.02 0.00 -0.02 -0.01 0.30 0.00 0.00 277.612
0.13 -0.08 -0.02 0.00 -0.03 -0.01 0.30 0.00 0.00 277.650
0.13 -0.08 -0.02 0.00 -0.03 -0.01 0.30 0.00 0.00 277.683
0.13 -0.08 -0.02 0.00 -0.02 -0.01 0.30 0.00 0.00 277.715
0.13 -0.08 -0.02 0.01 -0.01 -0.01 0.30 0.00 0.00 277.749
0.13 -0.08 -0.02 0.03 -0.01 -0.01 0.30 0.00 0.00 277.779
0.13 -0.08 -0.02 0.03 -0.01 -0.01 0.30 0.00 0.00 277.814
0.13 -0.08 -0.02 0.02 -0.01 -0.01 0.30 0.00 0.00 277.849
0.13 -0.08 -0.02 0.01 -0.01 -0.01 0.30 0.00 0.00 277.880
0.13 -0.08 -0.02 -0.00 -0.01 -0.01 0.30 0.00 0.00 277.914
0.13 -0.08 -0.02 0.00 -0.01 -0.01 0.30 0.00 0.00 277.949
0.13 -0.08 -0.02 0.00 -0.01 -0.01 0.30 0.00 0.00 277.980
0.13 -0.08 -0.02 -0.01 -0.01 -0.01 0.30 0.00 0.00 278.012
0.13 -0.08 -0.02 -0.00 -0.01 -0.01 0.30 0.00 0.00 278.047
0.13 -0.08 -0.02 -0.00 -0.01 -0.01 0.30 0.00 0.00 278.079
0.13 -0.08 -0.02 -0.01 -0.01 -0.01 0.30 0.00 0.00 278.113
0.13 -0.08 -0.02 -0.01 -0.01 -0.01 0.30 0.00 0.00 278.148
0.13 -0.08 -0.02 -0.01 -0.23 -0.01 0.30 0.30 0.00 278.179
0.13 -0.08 -0.02 -0.01 -0.23 -0.01 0.30 0.30 0.00 278.213
0.13 -0.08 -0.02 -0.00 -0.21 -0.01 0.30 0.30 0.00 278.245
0.13 -0.08 -0.02 -0.01 0.10 -0.01 0.30 0.30 0.00 278.314
0.13 -0.08 -0.02 0.00 0.10 -0.01 0.30 0.30 0.00 278.348
0.13 -0.08 -0.02 0.00 0.10 -0.01 0.30 0.30 0.00 278.380
0.13 -0.08 -0.02 0.00 0.10 -0.01 0.30 0.30 0.00 278.413
0.13 -0.08 -0.02 0.00 0.10 -0.01 0.30 0.30 0.00 278.448
0.13 -0.08 -0.02 0.00 0.10 -0.01 0.30 0.30 0.00 278.485
0.13 -0.08 -0.02 0.01 0.09 -0.01 0.30 0.30 0.00 278.514
0.13 -0.08 -0.02 0.00 0.07 -0.01 0.30 0.30 0.00 278.548
0.13 -0.08 -0.02 0.01 0.04 -0.01 0.30 0.30 0.00 278.579
0.13 -0.08 -0.02 -0.01 0.02 -0.01 0.30 0.30 0.00 278.613
0.13 -0.08 -0.02 -0.00 -0.00 -0.01 0.30 0.30 0.00 278.647
0.13 -0.08 -0.02 0.01 -0.01 -0.01 0.30 0.30 0.00 278.678
0.13 -0.08 -0.02 -0.00 -0.01 -0.01 0.30 0.30 0.00 278.714
0.13 -0.08 -0.02 -0.01 -0.01 -0.01 0.30 0.30 0.00 278.745
0.13 -0.08 -0.02 -0.01 -0.01 -0.01 0.30 0.30 0.00 278.780
0.13 -0.08 -0.02 -0.01 -0.01 -0.01 0.30 0.30 0.00 278.818
0.13 -0.08 -0.02 -0.01 -0.01 -0.01 0.30 0.30 0.00 278.847
0.13 -0.08 -0.02 -0.02 -0.01 -0.01 0.30 0.30 0.00 278.883
0.13 -0.08 -0.02 -0.02 -0.01 -0.01 0.30 0.30 0.00 278.914
0.13 -0.08 -0.02 -0.02 -0.01 -0.01 0.30 0.30 0.00 278.945
0.13 -0.08 -0.02 -0.02 -0.01 -0.01 0.30 0.30 0.00 278.981
0.13 -0.08 -0.02 -0.00 -0.01 -0.01 0.30 0.30 0.00 279.012
0.13 -0.08 -0.02 -0.01 -0.01 -0.01 0.30 0.30 0.00 279.046
0.13 -0.08 -0.02 0.00 -0.01 -0.01 0.30 0.30 0.00 279.078
0.13 -0.08 -0.02 0.00 -0.01 -0.01 0.30 0.30 0.00 279.113
0.13 -0.08 -0.02 0.00 -0.01 -0.01 0.30 0.30 0.00 279.146
0.13 -0.08 -0.02 0.01 -0.01 -0.01 0.30 0.30 0.00 279.178
0.13 -0.08 -0.02 -0.01 -0.01 -0.01 0.30 0.30 0.00 279.213
0.13 -0.08 -0.02 -0.02 -0.01 -0.01 0.30 0.30 0.00 279.246
0.13 -0.08 -0.02 -0.02 -0.01 -0.01 0.30 0.30 0.00 279.278
0.13 -0.08 -0.02 -0.02 -0.01 -0.01 0.30 0.30 0.00 279.314
0.13 -0.08 -0.02 -0.02 -0.01 -0.01 0.30 0.30 0.00 279.345
0.13 -0.08 -0.02 -0.02 -0.01 -0.01 0.30 0.30 0.00 279.379
0.13 -0.08 -0.02 -0.01 -0.01 -0.01 0.30 0.30 0.00 279.412
0.13 -0.08 -0.02 -0.02 -0.01 -0.01 0.30 0.30 0.00 279.446
0.13 -0.08 -0.02 -0.02 -0.01 -0.01 0.30 0.30 0.00 279.480
0.13 -0.08 -0.02 -0.02 -0.01 -0.01 0.30 0.30 0.00 279.511
0.13 -0.08 -0.02 -0.01 -0.01 -0.01 0.30 0.30 0.00 279.548
0.13 -0.08 -0.02 -0.02 -0.01 -0.01 0.30 0.30 0.00 279.580
0.13 -0.08 -0.02 -0.02 -0.01 -0.01 0.30 0.30 0.00 279.613
0.13 -0.08 -0.02 -0.01 -0.01 -0.01 0.30 0.30 0.00 279.647
0.13 -0.08 -0.02 -0.02 -0.01 -0.01 0.30 0.30 0.00 279.679
0.13 -0.08 -0.02 -0.04 -0.01 -0.01 0.30 0.30 0.00 279.711
0.13 -0.08 -0.02 -0.04 -0.01 -0.01 0.30 0.30 0.00 279.745
0.13 -0.08 -0.02 -0.04 -0.01 -0.01 0.30 0.30 0.00 279.780
0.13 -0.08 -0.02 -0.04 -0.01 -0.01 0.30 0.30 0.00 279.813
0.13 -0.08 -0.02 -0.04 -0.01 -0.01 0.30 0.30 0.00 279.845
0.13 -0.08 -0.02 -0.04 -0.01 -0.01 0.30 0.30 0.00 279.879
0.13 -0.08 -0.02 -0.04 -0.01 -0.01 0.30 0.30 0.00 279.912
0.13 -0.08 -0.02 -0.03 -0.01 -0.01 0.30 0.30 0.00 279.945
0.13 -0.08 -0.02 -0.01 -0.01 -0.00 0.30 0.30 0.00 279.980
0.13 -0.08 -0.02 0.01 -0.01 -0.00 0.30 0.30 0.00 280.011
0.13 -0.08 -0.02 0.02 -0.01 -0.00 0.30 0.30 0.00 280.045
0.13 -0.08 -0.02 0.02 -0.01 -0.00 0.30 0.30 0.00 280.079
0.13 -0.08 -0.02 0.02 -0.01 -0.00 0.30 0.30 0.00 280.112
0.13 -0.08 -0.02 0.02 -0.01 -0.00 0.30 0.30 0.00 280.147
0.13 -0.08 -0.02 0.02 -0.01 -0.59 -0.30 0.30 0.00 280.180
0.13 -0.08 -0.02 0.02 -0.01 -0.59 -0.30 0.30 0.00 280.211
0.14 -0.08 -0.02 0.03 -0.01 -0.58 -0.30 0.30 0.00 280.245
0.14 -0.08 -0.03 0.00 -0.04 0.15 -0.30 0.30 0.00 280.413
0.14 -0.08 -0.03 -0.03 -0.03 0.16 -0.30 0.30 0.00 280.447
0.14 -0.08 -0.03 -0.04 -0.03 0.16 -0.30 0.30 0.00 280.482
0.14 -0.08 -0.03 -0.04 -0.03 0.16 -0.30 0.30 0.00 280.512
0.14 -0.08 -0.03 -0.05 -0.03 0.16 -0.30 0.30 0.00 280.546
0.14 -0.08 -0.02 -0.06 -0.03 0.16 -0.30 0.30 0.00 280.580
0.14 -0.08 -0.02 -0.06 -0.03 0.14 -0.30 0.30 0.00 280.613
0.14 -0.08 -0.02 -0.06 -0.03 0.10 -0.30 0.30 0.00 280.647
0.14 -0.08 -0.02 -0.05 -0.04 0.06 -0.30 0.30 0.00 280.679
0.14 -0.08 -0.02 -0.03 -0.05 0.04 -0.30 0.30 0.00 280.712
0.14 -0.08 -0.02 0.00 -0.05 0.01 -0.30 0.30 0.00 280.746
0.14 -0.08 -0.02 0.01 -0.06 -0.01 -0.30 0.30 0.00 280.779
0.14 -0.08 -0.02 -0.01 -0.06 -0.01 -0.30 0.30 0.00 280.815
0.14 -0.08 -0.02 -0.01 -0.04 -0.01 -0.30 0.30 0.00 280.849
0.14 -0.08 -0.02 -0.02 -0.01 -0.01 -0.30 0.30 0.00 280.878
0.14 -0.08 -0.02 -0.03 0.01 -0.01 -0.30 0.30 0.00 280.911
0.14 -0.08 -0.02 -0.01 0.02 0.00 -0.30 0.30 0.00 280.945
0.14 -0.08 -0.02 0.00 0.02 0.00 -0.30 0.30 0.00 280.979
0.14 -0.08 -0.02 -0.01 0.01 0.00 -0.30 0.30 0.00 281.011
0.14 -0.08 -0.02 -0.01 0.01 0.00 -0.30 0.30 0.00 281.045
0.14 -0.08 -0.02 -0.02 0.01 0.00 -0.30 0.30 0.00 281.077
0.14 -0.08 -0.02 -0.02 0.01 0.01 -0.30 0.30 0.00 281.112
0.14 -0.08 -0.02 -0.01 0.01 0.01 -0.30 0.30 0.00 281.147
0.14 -0.08 -0.02 0.01 0.01 0.01 -0.30 0.30 0.00 281.177
0.14 -0.08 -0.02 0.01 0.01 0.02 -0.30 0.30 0.00 281.211
0.14 -0.08 -0.02 -0.00 0.00 0.01 -0.30 0.30 0.00 281.244
0.14 -0.08 -0.02 -0.02 0.01 0.00 -0.30 0.30 0.00 281.279
0.14 -0.08 -0.02 -0.01 0.01 -0.00 -0.30 0.30 0.00 281.314
0.14 -0.08 -0.02 -0.00 0.01 -0.01 -0.30 0.30 0.00 281.346
0.14 -0.08 -0.02 0.00 0.00 -0.00 -0.30 0.30 0.00 281.379
0.14 -0.08 -0.02 0.01 0.01 -0.00 -0.30 0.30 0.00 281.415
0.14 -0.08 -0.02 0.01 0.01 -0.00 -0.30 0.30 0.00 281.448
0.14 -0.08 -0.02 -0.00 0.00 -0.01 -0.30 0.30 0.00 281.482
0.14 -0.08 -0.02 -0.01 0.00 -0.01 -0.30 0.30 0.00 281.510
0.14 -0.08 -0.02 -0.01 0.00 -0.01 -0.30 0.30 0.00 281.544
0.14 -0.08 -0.02 -0.01 0.00 -0.01 -0.30 0.30 0.00 281.578
0.14 -0.08 -0.02 0.01 -0.00 -0.01 -0.30 0.30 0.00 281.612
0.14 -0.08 -0.02 0.03 0.00 -0.01 -0.30 0.30 0.00 281.647
0.14 -0.08 -0.02 0.04 0.00 -0.01 -0.30 0.30 0.00 281.678
0.14 -0.08 -0.02 0.05 0.00 -0.01 -0.30 0.30 0.00 281.713
0.14 -0.08 -0.02 0.05 0.00 -0.01 -0.30 0.30 0.00 281.743
0.14 -0.08 -0.02 0.05 0.00 -0.01 -0.30 0.30 0.00 281.779
0.14 -0.08 -0.02 0.05 -0.00 -0.01 -0.30 0.30 0.00 281.813
0.14 -0.08 -0.02 0.04 0.00 -0.01 -0.30 0.30 0.00 281.843
0.14 -0.08 -0.02 0.02 0.00 -0.01 -0.30 0.30 0.00 281.876
0.14 -0.08 -0.02 0.00 0.00 -0.01 -0.30 0.30 0.00 281.910
0.14 -0.08 -0.02 -0.01 0.00 -0.01 -0.30 0.30 0.00 281.943
0.14 -0.08 -0.02 -0.01 0.00 -0.01 -0.30 0.30 0.00 281.978
0.14 -0.08 -0.02 -0.01 0.00 -0.01 -0.30 0.30 0.00 282.011
0.14 -0.08 -0.02 -0.02 0.00 -0.01 -0.30 0.30 0.00 282.044
0.14 -0.08 -0.02 -0.02 0.00 -0.01 -0.30 0.30 0.00 282.077
0.14 -0.08 -0.02 -0.02 0.00 -0.01 -0.30 0.30 0.00 282.113
0.14 -0.08 -0.02 -0.02 0.00 -0.01 -0.30 0.30 0.00 282.147
0.14 -0.08 -0.02 -0.02 0.44 -0.01 -0.30 -0.30 0.00 282.180
0.14 -0.08 -0.02 -0.02 0.44 -0.01 -0.30 -0.30 0.00 282.220
0.14 -0.08 -0.02 -0.01 0.42 -0.01 -0.30 -0.30 0.00 282.253
0.15 -0.08 -0.02 -0.08 0.23 -0.05 -0.30 -0.30 0.00 282.283
0.15 -0.08 -0.02 -0.01 0.11 -0.07 -0.30 -0.30 0.00 282.315
0.15 -0.08 -0.02 0.02 0.02 -0.07 -0.30 -0.30 0.00 282.344
0.15 -0.08 -0.02 0.06 -0.07 -0.09 -0.30 -0.30 0.00 282.377
0.14 -0.08 -0.02 0.04 -0.10 -0.09 -0.30 -0.30 0.00 282.411
0.14 -0.08 -0.02 0.03 -0.10 -0.07 -0.30 -0.30 0.00 282.444
0.14 -0.08 -0.02 0.02 -0.11 -0.06 -0.30 -0.30 0.00 282.478
0.14 -0.08 -0.02 0.00 -0.10 -0.03 -0.30 -0.30 0.00 282.510
0.14 -0.08 -0.02 0.00 -0.10 -0.02 -0.30 -0.30 0.00 282.544
0.14 -0.08 -0.02 -0.00 -0.08 -0.01 -0.30 -0.30 0.00 282.580
0.14 -0.08 -0.02 0.03 -0.04 0.00 -0.30 -0.30 0.00 282.610
0.14 -0.08 -0.02 0.03 -0.02 0.00 -0.30 -0.30 0.00 282.645
0.14 -0.08 -0.02 0.04 0.01 0.01 -0.30 -0.30 0.00 282.677
0.14 -0.08 -0.02 0.04 0.03 0.01 -0.30 -0.30 0.00 282.710
0.14 -0.08 -0.02 0.05 0.03 0.01 -0.30 -0.30 0.00 282.743
0.14 -0.08 -0.02 0.06 0.03 0.01 -0.30 -0.30 0.00 282.778
0.14 -0.08 -0.02 0.06 0.03 0.01 -0.30 -0.30 0.00 282.814
0.14 -0.08 -0.02 0.06 0.03 0.01 -0.30 -0.30 0.00 282.845
0.14 -0.08 -0.02 0.05 0.03 0.01 -0.30 -0.30 0.00 282.878
0.14 -0.08 -0.02 0.02 0.03 0.01 -0.30 -0.30 0.00 282.910
0.14 -0.08 -0.02 -0.00 0.04 0.01 -0.30 -0.30 0.00 282.943
0.14 -0.08 -0.02 0.02 0.04 0.02 -0.30 -0.30 0.00 282.980
0.14 -0.08 -0.02 0.04 0.04 0.02 -0.30 -0.30 0.00 283.011
0.14 -0.08 -0.02 0.05 0.04 0.02 -0.30 -0.30 0.00 283.043
0.14 -0.08 -0.02 0.03 0.05 0.02 -0.30 -0.30 0.00 283.078
0.14 -0.08 -0.02 0.02 0.05 0.02 -0.30 -0.30 0.00 283.111
0.14 -0.08 -0.02 0.03 0.05 0.02 -0.30 -0.30 0.00 283.145
0.14 -0.08 -0.02 0.03 0.05 0.02 -0.30 -0.30 0.00 283.177
0.14 -0.08 -0.02 0.02 0.04 0.02 -0.30 -0.30 0.00 283.209
0.14 -0.08 -0.02 0.01 0.02 0.03 -0.30 -0.30 0.00 283.243
0.14 -0.08 -0.02 -0.02 0.01 0.03 -0.30 -0.30 0.00 283.278
0.14 -0.08 -0.02 -0.04 0.00 0.03 -0.30 -0.30 0.00 283.311
0.14 -0.08 -0.02 -0.03 -0.00 0.04 -0.30 -0.30 0.00 283.343
0.14 -0.08 -0.02 -0.03 -0.01 0.04 -0.30 -0.30 0.00 283.378
0.14 -0.08 -0.02 -0.04 -0.01 0.04 -0.30 -0.30 0.00 283.410
0.14 -0.08 -0.02 -0.04 -0.01 0.04 -0.30 -0.30 0.00 283.444
0.14 -0.08 -0.02 -0.05 -0.01 0.04 -0.30 -0.30 0.00 283.480
0.14 -0.08 -0.02 -0.05 -0.01 0.04 -0.30 -0.30 0.00 283.511
0.14 -0.08 -0.02 -0.05 -0.01 0.04 -0.30 -0.30 0.00 283.544
0.14 -0.08 -0.02 -0.05 -0.01 0.04 -0.30 -0.30 0.00 283.576
0.14 -0.08 -0.02 -0.05 -0.01 0.04 -0.30 -0.30 0.00 283.610
0.14 -0.08 -0.02 -0.05 -0.01 0.04 -0.30 -0.30 0.00 283.650
0.14 -0.08 -0.02 -0.05 -0.01 0.04 -0.30 -0.30 0.00 283.678
0.14 -0.08 -0.02 -0.05 -0.01 0.04 -0.30 -0.30 0.00 283.711
0.14 -0.08 -0.02 -0.06 -0.01 0.04 -0.30 -0.30 0.00 283.747
0.14 -0.08 -0.02 -0.05 -0.01 0.04 -0.30 -0.30 0.00 283.782
0.14 -0.08 -0.02 -0.06 -0.01 0.03 -0.30 -0.30 0.00 283.818
0.14 -0.08 -0.02 -0.05 -0.01 0.02 -0.30 -0.30 0.00 283.852
0.14 -0.08 -0.02 -0.03 -0.01 0.01 -0.30 -0.30 0.00 283.881
0.14 -0.08 -0.02 -0.03 -0.01 -0.00 -0.30 -0.30 0.00 283.914
0.14 -0.08 -0.02 -0.01 -0.01 -0.01 -0.30 -0.30 0.00 283.945
0.14 -0.08 -0.02 0.00 -0.01 -0.02 -0.30 -0.30 0.00 283.979
0.14 -0.08 -0.02 0.00 -0.01 -0.02 -0.30 -0.30 0.00 284.010
0.14 -0.08 -0.02 0.01 -0.01 -0.02 -0.30 -0.30 0.00 284.045
0.14 -0.08 -0.02 0.01 -0.01 -0.02 -0.30 -0.30 0.00 284.079
0.14 -0.08 -0.02 0.01 -0.01 -0.02 -0.30 -0.30 0.00 284.114
0.14 -0.08 -0.02 0.01 -0.01 -0.02 -0.30 -0.30 0.00 284.147
0.14 -0.08 -0.02 0.01 -0.01 0.27 0.00 -0.30 0.00 284.177
0.14 -0.08 -0.02 0.01 -0.01 0.27 0.00 -0.30 0.00 284.210
0.14 -0.08 -0.02 0.00 -0.02 0.27 0.00 -0.30 0.00 284.243
0.15 -0.08 -0.02 0.02 -0.04 -0.18 0.00 -0.30 0.00 284.376
0.15 -0.08 -0.02 0.00 -0.05 -0.19 0.00 -0.30 0.00 284.408
0.15 -0.08 -0.02 -0.02 -0.04 -0.15 0.00 -0.30 0.00 284.445
0.15 -0.08 -0.02 -0.05 -0.04 -0.13 0.00 -0.30 0.00 284.478
0.15 -0.08 -0.02 -0.06 -0.03 -0.11 0.00 -0.30 0.00 284.510
0.15 -0.08 -0.02 -0.05 -0.02 -0.08 0.00 -0.30 0.00 284.545
0.15 -0.08 -0.02 -0.07 -0.03 -0.06 0.00 -0.30 0.00 284.575
0.15 -0.08 -0.02 -0.03 -0.01 -0.05 0.00 -0.30 0.00 284.609
0.15 -0.08 -0.02 -0.01 -0.01 -0.04 0.00 -0.30 0.00 284.648
0.15 -0.08 -0.02 -0.04 -0.01 -0.03 0.00 -0.30 0.00 284.678
0.15 -0.08 -0.02 0.01 -0.02 -0.03 0.00 -0.30 0.00 284.711
0.15 -0.08 -0.02 0.03 -0.01 -0.02 0.00 -0.30 0.00 284.742
0.15 -0.08 -0.02 0.03 -0.01 -0.02 0.00 -0.30 0.00 284.778
0.15 -0.08 -0.02 0.03 -0.01 -0.01 0.00 -0.30 0.00 284.813
0.15 -0.08 -0.02 0.01 -0.02 -0.01 0.00 -0.30 0.00 284.844
0.15 -0.08 -0.02 0.00 -0.01 -0.01 0.00 -0.30 0.00 284.877
0.15 -0.08 -0.02 0.01 -0.01 -0.01 0.00 -0.30 0.00 284.910
0.15 -0.08 -0.02 0.03 -0.01 -0.01 0.00 -0.30 0.00 284.943
0.15 -0.08 -0.02 0.02 -0.01 -0.01 0.00 -0.30 0.00 284.978
0.15 -0.08 -0.02 0.02 -0.01 -0.02 0.00 -0.30 0.00 285.009
0.15 -0.08 -0.02 0.03 -0.01 -0.02 0.00 -0.30 0.00 285.042
0.15 -0.08 -0.02 0.04 -0.01 -0.01 0.00 -0.30 0.00 285.075
0.15 -0.08 -0.02 0.04 -0.01 -0.01 0.00 -0.30 0.00 285.110
0.15 -0.08 -0.02 0.04 -0.01 -0.01 0.00 -0.30 0.00 285.144
0.15 -0.08 -0.02 0.04 -0.01 -0.01 0.00 -0.30 0.00 285.175
0.15 -0.08 -0.02 0.04 -0.02 -0.01 0.00 -0.30 0.00 285.209
0.15 -0.08 -0.02 0.05 -0.02 -0.01 0.00 -0.30 0.00 285.242
0.15 -0.08 -0.02 0.05 -0.02 -0.01 0.00 -0.30 0.00 285.277
0.15 -0.08 -0.02 0.04 -0.02 -0.01 0.00 -0.30 0.00 285.311
0.15 -0.08 -0.02 0.04 -0.02 -0.01 0.00 -0.30 0.00 285.343
0.15 -0.08 -0.02 0.05 -0.02 -0.01 0.00 -0.30 0.00 285.377
0.15 -0.08 -0.02 0.05 -0.02 -0.01 0.00 -0.30 0.00 285.408
0.15 -0.08 -0.02 0.05 -0.02 -0.01 0.00 -0.30 0.00 285.455
0.15 -0.08 -0.02 0.05 -0.02 -0.01 0.00 -0.30 0.00 285.483
0.15 -0.08 -0.02 0.05 -0.02 -0.01 0.00 -0.30 0.00 285.518
0.15 -0.08 -0.02 0.06 -0.01 -0.01 0.00 -0.30 0.00 285.543
0.15 -0.08 -0.02 0.05 -0.02 -0.01 0.00 -0.30 0.00 285.577
0.15 -0.08 -0.02 0.05 -0.02 -0.01 0.00 -0.30 0.00 285.609
0.15 -0.08 -0.02 0.07 -0.02 -0.00 0.00 -0.30 0.00 285.645
0.15 -0.08 -0.02 0.04 -0.02 0.00 0.00 -0.30 0.00 285.677
0.15 -0.08 -0.02 0.01 -0.01 0.00 0.00 -0.30 0.00 285.710
0.15 -0.08 -0.02 0.05 -0.02 0.01 0.00 -0.30 0.00 285.743
0.15 -0.08 -0.02 0.00 -0.02 0.01 0.00 -0.30 0.00 285.778
0.15 -0.08 -0.02 -0.01 -0.02 0.01 0.00 -0.30 0.00 285.811
0.15 -0.08 -0.02 0.00 -0.01 0.02 0.00 -0.30 0.00 285.843
0.15 -0.08 -0.02 0.01 -0.01 0.02 0.00 -0.30 0.00 285.876
0.15 -0.08 -0.02 0.02 -0.01 0.02 0.00 -0.30 0.00 285.908
0.15 -0.08 -0.02 0.03 -0.01 0.03 0.00 -0.30 0.00 285.943
0.15 -0.08 -0.02 -0.02 -0.01 0.04 0.00 -0.30 0.00 285.978
0.15 -0.08 -0.02 -0.02 -0.02 0.04 0.00 -0.30 0.00 286.007
0.15 -0.08 -0.02 -0.01 -0.01 0.04 0.00 -0.30 0.00 286.041
0.15 -0.08 -0.02 -0.01 -0.01 0.04 0.00 -0.30 0.00 286.075
0.15 -0.08 -0.02 0.01 -0.01 0.04 0.00 -0.30 0.00 286.110
0.15 -0.08 -0.02 -0.03 -0.01 0.05 0.00 -0.30 0.00 286.144
0.15 -0.08 -0.02 -0.06 -0.23 0.05 0.00 0.00 0.00 286.174
0.15 -0.08 -0.02 -0.04 -0.23 0.05 0.00 0.00 0.00 286.209
0.15 -0.08 -0.02 -0.03 -0.23 0.05 0.00 0.00 0.00 286.242
0.15 -0.08 -0.02 -0.08 -0.14 0.04 0.00 0.00 0.00 286.276
0.15 -0.08 -0.02 -0.08 0.07 0.01 0.00 0.00 0.00 286.311
0.15 -0.08 -0.02 -0.07 0.09 0.01 0.00 0.00 0.00 286.343
0.15 -0.08 -0.02 -0.04 0.10 0.01 0.00 0.00 0.00 286.376
0.15 -0.08 -0.02 -0.04 0.11 0.01 0.00 0.00 0.00 286.410
0.15 -0.08 -0.02 -0.07 0.10 0.01 0.00 0.00 0.00 286.443
0.15 -0.08 -0.02 -0.07 0.09 0.01 0.00 0.00 0.00 286.476
0.15 -0.08 -0.02 -0.07 0.08 0.01 0.00 0.00 0.00 286.509
0.15 -0.08 -0.02 -0.03 0.07 0.02 0.00 0.00 0.00 286.543
0.15 -0.08 -0.02 0.00 0.05 0.02 0.00 0.00 0.00 286.576
0.15 -0.08 -0.02 -0.01 0.04 0.02 0.00 0.00 0.00 286.612
0.15 -0.08 -0.02 -0.02 0.02 0.03 0.00 0.00 0.00 286.645
0.15 -0.08 -0.02 -0.04 0.02 0.03 0.00 0.00 0.00 286.675
0.15 -0.08 -0.02 -0.06 0.01 0.03 0.00 0.00 0.00 286.709
0.15 -0.08 -0.02 -0.08 0.00 0.03 0.00 0.00 0.00 286.744
0.15 -0.08 -0.02 -0.07 0.00 0.03 0.00 0.00 0.00 286.778
0.15 -0.08 -0.02 -0.04 0.00 0.03 0.00 0.00 0.00 286.811
0.15 -0.08 -0.02 -0.01 -0.00 0.03 0.00 0.00 0.00 286.843
0.15 -0.08 -0.02 -0.00 0.00 0.03 0.00 0.00 0.00 286.876
0.15 -0.08 -0.02 0.02 -0.00 0.03 0.00 0.00 0.00 286.909
0.15 -0.08 -0.02 0.03 -0.00 0.03 0.00 0.00 0.00 286.941
0.15 -0.08 -0.02 0.06 -0.00 0.04 0.00 0.00 0.00 286.979
0.15 -0.08 -0.02 0.08 0.00 0.04 0.00 0.00 0.00 287.011
0.15 -0.08 -0.02 0.09 0.00 0.04 0.00 0.00 0.00 287.045
0.15 -0.08 -0.02 0.09 0.00 0.04 0.00 0.00 0.00 287.074
0.15 -0.08 -0.02 0.09 -0.00 0.04 0.00 0.00 0.00 287.108
0.15 -0.08 -0.02 0.05 0.00 0.03 0.00 0.00 0.00 287.143
0.15 -0.08 -0.02 0.03 -0.00 0.03 0.00 0.00 0.00 287.173
0.15 -0.08 -0.02 0.03 -0.00 0.02 0.00 0.00 0.00 287.207
0.15 -0.08 -0.02 0.02 0.00 0.02 0.00 0.00 0.00 287.241
0.15 -0.08 -0.02 -0.02 -0.00 0.01 0.00 0.00 0.00 287.275
0.15 -0.08 -0.02 0.02 0.00 0.01 0.00 0.00 0.00 287.310
0.15 -0.08 -0.02 0.05 -0.00 0.01 0.00 0.00 0.00 287.343
0.15 -0.08 -0.02 0.06 -0.00 0.01 0.00 0.00 0.00 287.375
0.15 -0.08 -0.02 0.06 -0.00 0.00 0.00 0.00 0.00 287.409
0.15 -0.08 -0.02 0.04 -0.01 0.00 0.00 0.00 0.00 287.442
0.15 -0.08 -0.02 0.03 -0.01 0.00 0.00 0.00 0.00 287.475
0.15 -0.08 -0.02 0.02 -0.01 0.00 0.00 0.00 0.00 287.508
0.15 -0.08 -0.02 -0.00 -0.01 0.00 0.00 0.00 0.00 287.540
0.15 -0.08 -0.02 -0.01 -0.01 -0.00 0.00 0.00 0.00 287.574
0.15 -0.08 -0.02 -0.02 -0.01 -0.00 0.00 0.00 0.00 287.607
0.15 -0.08 -0.02 -0.02 -0.01 -0.00 0.00 0.00 0.00 287.642
0.15 -0.08 -0.02 -0.02 -0.01 -0.00 0.00 0.00 0.00 287.674
0.15 -0.08 -0.02 -0.03 -0.01 -0.00 0.00 0.00 0.00 287.707
0.15 -0.08 -0.02 -0.03 -0.01 -0.00 0.00 0.00 0.00 287.740
0.15 -0.08 -0.02 -0.03 -0.01 -0.00 0.00 0.00 0.00 287.778
0.15 -0.08 -0.02 -0.03 -0.01 -0.00 0.00 0.00 0.00 287.814
0.15 -0.08 -0.02 -0.03 -0.01 -0.00 0.00 0.00 0.00 287.846
0.15 -0.08 -0.02 -0.02 -0.01 -0.00 0.00 0.00 0.00 287.875
0.15 -0.08 -0.02 -0.02 -0.01 -0.00 0.00 0.00 0.00 287.909
0.15 -0.08 -0.02 -0.02 -0.01 -0.00 0.00 0.00 0.00 287.941
0.15 -0.08 -0.02 -0.02 -0.01 -0.00 0.00 0.00 0.00 287.976
0.15 -0.08 -0.02 -0.03 -0.01 -0.00 0.00 0.00 0.00 288.008
0.15 -0.08 -0.02 -0.02 -0.01 -0.00 0.00 0.00 0.00 288.040
0.15 -0.08 -0.02 -0.03 -0.01 -0.00 0.00 0.00 0.00 288.075
0.15 -0.08 -0.02 -0.03 -0.01 -0.00 0.00 0.00 0.00 288.109
0.15 -0.08 -0.02 -0.03 -0.01 -0.00 0.00 0.00 0.00 288.143
0.15 -0.08 -0.02 -0.04 -0.01 -0.00 0.00 0.00 0.00 288.173
0.15 -0.08 -0.02 -0.03 -0.01 -0.00 0.00 0.00 0.00 288.206
0.15 -0.08 -0.02 -0.03 -0.01 -0.00 0.00 0.00 0.00 288.240
0.15 -0.08 -0.02 -0.03 -0.01 -0.00 0.00 0.00 0.00 288.273
0.15 -0.08 -0.02 -0.04 -0.01 -0.00 0.00 0.00 0.00 288.308
0.15 -0.08 -0.02 -0.03 -0.01 -0.00 0.00 0.00 0.00 288.341
0.15 -0.08 -0.02 -0.02 -0.01 -0.00 0.00 0.00 0.00 288.374
0.15 -0.08 -0.02 -0.02 -0.01 -0.00 0.00 0.00 0.00 288.406
0.15 -0.08 -0.02 -0.02 -0.01 -0.00 0.00 0.00 0.00 288.441
0.15 -0.08 -0.02 -0.03 -0.01 -0.00 0.00 0.00 0.00 288.477
0.15 -0.08 -0.02 -0.03 -0.01 -0.00 0.00 0.00 0.00 288.506
0.15 -0.08 -0.02 -0.03 -0.01 -0.00 0.00 0.00 0.00 288.540
0.15 -0.08 -0.02 -0.03 -0.01 -0.00 0.00 0.00 0.00 288.574
0.15 -0.08 -0.02 -0.02 -0.01 -0.00 0.00 0.00 0.00 288.608
0.15 -0.08 -0.02 -0.03 -0.01 -0.00 0.00 0.00 0.00 288.643
0.15 -0.08 -0.02 -0.03 -0.01 -0.00 0.00 0.00 0.00 288.673
0.15 -0.08 -0.02 -0.03 -0.01 -0.00 0.00 0.00 0.00 288.708
0.15 -0.08 -0.02 -0.04 -0.01 -0.00 0.00 0.00 0.00 288.741
0.15 -0.08 -0.02 -0.02 -0.01 -0.00 0.00 0.00 0.00 288.775
0.15 -0.08 -0.02 -0.02 -0.01 -0.00 0.00 0.00 0.00 288.813
0.15 -0.08 -0.02 -0.02 -0.01 -0.00 0.00 0.00 0.00 288.842
0.15 -0.08 -0.02 -0.02 -0.01 -0.00 0.00 0.00 0.00 288.873
0.15 -0.08 -0.02 -0.01 -0.01 -0.00 0.00 0.00 0.00 288.907
0.15 -0.08 -0.02 -0.03 -0.01 -0.00 0.00 0.00 0.00 288.941
0.15 -0.08 -0.02 -0.03 -0.01 -0.00 0.00 0.00 0.00 288.976
0.15 -0.08 -0.02 -0.03 -0.01 -0.00 0.00 0.00 0.00 289.007
0.15 -0.08 -0.02 -0.02 -0.01 -0.00 0.00 0.00 0.00 289.042
0.15 -0.08 -0.02 -0.04 -0.01 -0.00 0.00 0.00 0.00 289.073
0.15 -0.08 -0.02 -0.03 -0.01 -0.00 0.00 0.00 0.00 289.108
0.15 -0.08 -0.02 -0.02 -0.01 -0.00 0.00 0.00 0.00 289.142
0.15 -0.08 -0.02 -0.02 -0.01 -0.00 0.00 0.00 0.00 289.172
0.15 -0.08 -0.02 -0.01 -0.01 -0.00 0.00 0.00 0.00 289.206
0.15 -0.08 -0.02 -0.01 -0.01 -0.00 0.00 0.00 0.00 289.241
0.15 -0.08 -0.02 -0.02 -0.01 -0.00 0.00 0.00 0.00 289.278
0.15 -0.08 -0.02 -0.02 -0.01 -0.00 0.00 0.00 0.00 289.313
0.15 -0.08 -0.02 -0.02 -0.01 -0.00 0.00 0.00 0.00 289.346
0.15 -0.08 -0.02 -0.02 -0.01 -0.00 0.00 0.00 0.00 289.375
0.15 -0.08 -0.02 -0.03 -0.01 -0.00 0.00 0.00 0.00 289.406
0.15 -0.08 -0.02 -0.04 -0.01 -0.00 0.00 0.00 0.00 289.441
0.15 -0.08 -0.02 -0.03 -0.01 -0.00 0.00 0.00 0.00 289.474
0.15 -0.08 -0.02 -0.04 -0.01 -0.00 0.00 0.00 0.00 289.507
0.15 -0.08 -0.02 -0.03 -0.01 -0.00 0.00 0.00 0.00 289.539
0.15 -0.08 -0.02 -0.03 -0.01 -0.00 0.00 0.00 0.00 289.573
0.15 -0.08 -0.02 -0.04 -0.01 -0.00 0.00 0.00 0.00 289.608
0.15 -0.08 -0.02 -0.03 -0.01 -0.00 0.00 0.00 0.00 289.641
0.15 -0.08 -0.02 -0.04 -0.01 -0.00 0.00 0.00 0.00 289.673
0.15 -0.08 -0.02 -0.03 -0.01 -0.00 0.00 0.00 0.00 289.706
0.15 -0.08 -0.02 -0.04 -0.01 -0.00 0.00 0.00 0.00 289.739
0.15 -0.08 -0.02 -0.02 -0.01 -0.00 0.00 0.00 0.00 289.774
0.15 -0.08 -0.02 -0.03 -0.01 -0.00 0.00 0.00 0.00 289.807
0.15 -0.08 -0.02 -0.03 -0.01 -0.00 0.00 0.00 0.00 289.841
0.15 -0.08 -0.02 -0.02 -0.01 -0.00 0.00 0.00 0.00 289.872
0.15 -0.08 -0.02 -0.01 -0.01 -0.00 0.00 0.00 0.00 289.906
0.15 -0.08 -0.02 -0.01 -0.01 -0.00 0.00 0.00 0.00 289.939
0.15 -0.08 -0.02 -0.02 -0.01 -0.00 0.00 0.00 0.00 289.975
0.15 -0.08 -0.02 -0.02 -0.01 -0.00 0.00 0.00 0.00 290.006
0.15 -0.08 -0.02 -0.01 -0.01 -0.00 0.00 0.00 0.00 290.039
0.15 -0.08 -0.02 -0.01 -0.01 -0.00 0.00 0.00 0.00 290.074
0.15 -0.08 -0.02 -0.01 -0.01 -0.00 0.00 0.00 0.00 290.108
0.15 -0.08 -0.02 -0.01 -0.01 -0.00 0.00 0.00 0.00 290.142
0.15 -0.08 -0.02 -0.01 -0.01 -0.00 0.00 0.00 0.00 290.174
0.15 -0.08 -0.02 -0.02 -0.01 -0.00 0.00 0.00 0.00 290.207
0.15 -0.08 -0.02 -0.01 -0.01 -0.00 0.00 0.00 0.00 290.240
0.15 -0.08 -0.02 -0.01 -0.01 -0.00 0.00 0.00 0.00 290.273
0.15 -0.08 -0.02 -0.01 -0.01 -0.00 0.00 0.00 0.00 290.308
0.15 -0.08 -0.02 -0.02 -0.01 -0.00 0.00 0.00 0.00 290.339
0.15 -0.08 -0.02 -0.02 -0.01 -0.00 0.00 0.00 0.00 290.372
0.15 -0.08 -0.02 -0.03 -0.01 -0.00 0.00 0.00 0.00 290.405
0.15 -0.08 -0.02 -0.03 -0.01 -0.00 0.00 0.00 0.00 290.440
0.15 -0.08 -0.02 -0.02 -0.01 -0.00 0.00 0.00 0.00 290.474
0.15 -0.08 -0.02 -0.02 -0.01 -0.00 0.00 0.00 0.00 290.505
0.15 -0.08 -0.02 -0.03 -0.01 -0.00 0.00 0.00 0.00 290.540
0.15 -0.08 -0.02 -0.03 -0.01 -0.00 0.00 0.00 0.00 290.572
0.15 -0.08 -0.02 -0.04 -0.01 -0.00 0.00 0.00 0.00 290.606
0.15 -0.08 -0.02 -0.04 -0.01 -0.00 0.00 0.00 0.00 290.644
0.15 -0.08 -0.02 -0.03 -0.01 0.00 0.00 0.00 0.00 290.673
0.15 -0.08 -0.02 -0.04 -0.01 0.00 0.00 0.00 0.00 290.711
0.15 -0.08 -0.02 -0.04 -0.01 0.00 0.00 0.00 0.00 290.744
0.15 -0.08 -0.02 -0.02 -0.01 0.00 0.00 0.00 0.00 290.776
0.15 -0.08 -0.02 -0.00 -0.01 0.00 0.00 0.00 0.00 290.810
0.15 -0.08 -0.02 -0.00 -0.01 0.00 0.00 0.00 0.00 290.841
0.15 -0.08 -0.02 0.00 -0.01 0.00 0.00 0.00 0.00 290.872
0.15 -0.08 -0.02 0.01 -0.01 0.00 0.00 0.00 0.00 290.911
0.15 -0.08 -0.02 0.01 -0.01 0.00 0.00 0.00 0.00 290.944
0.15 -0.08 -0.02 0.02 -0.01 0.00 0.00 0.00 0.00 290.980
0.15 -0.08 -0.02 0.01 -0.01 0.00 0.00 0.00 0.00 291.007
0.15 -0.08 -0.02 0.01 -0.01 0.00 0.00 0.00 0.00 291.039
0.15 -0.08 -0.02 0.01 -0.01 0.00 0.00 0.00 0.00 291.073
0.15 -0.08 -0.02 0.00 -0.01 0.00 0.00 0.00 0.00 291.108
0.15 -0.08 -0.02 0.01 -0.01 0.00 0.00 0.00 0.00 291.142
0.15 -0.08 -0.02 0.00 -0.01 0.00 0.00 0.00 0.00 291.173
0.15 -0.08 -0.02 0.00 -0.01 0.00 0.00 0.00 0.00 291.204
0.15 -0.08 -0.02 0.01 -0.01 0.00 0.00 0.00 0.00 291.240
0.15 -0.08 -0.02 -0.00 -0.01 0.00 0.00 0.00 0.00 291.272
0.15 -0.08 -0.02 0.00 -0.01 0.00 0.00 0.00 0.00 291.306
0.15 -0.08 -0.02 0.00 -0.01 0.00 0.00 0.00 0.00 291.339
0.15 -0.08 -0.02 -0.00 -0.01 0.00 0.00 0.00 0.00 291.372
