r_disturb p_disturb y_disturb r_out p_out y_out y_ref p_ref r_ref time
0.12 -0.08 -0.02 0.01 0.03 -0.01 0.00 0.00 0.00 122.912
0.12 -0.08 -0.02 0.02 0.03 -0.01 0.00 0.00 0.00 122.931
0.12 -0.08 -0.02 0.02 0.03 -0.01 0.00 0.00 0.00 122.945
0.12 -0.08 -0.02 0.02 0.03 -0.01 0.00 0.00 0.00 122.961
0.12 -0.08 -0.02 0.02 0.03 -0.01 0.00 0.00 0.00 122.982
0.12 -0.08 -0.02 0.01 0.03 -0.01 0.00 0.00 0.00 123.000
0.12 -0.08 -0.02 0.02 0.03 -0.01 0.00 0.00 0.00 123.015
0.12 -0.08 -0.02 0.03 0.03 -0.01 0.00 0.00 0.00 123.030
0.12 -0.08 -0.02 0.03 0.03 -0.01 0.00 0.00 0.00 123.045
0.12 -0.08 -0.02 0.03 0.03 -0.01 0.00 0.00 0.00 123.058
0.12 -0.08 -0.02 0.03 0.03 -0.01 0.00 0.00 0.00 123.086
0.12 -0.08 -0.02 0.03 0.03 -0.01 0.00 0.00 0.00 123.125
0.12 -0.08 -0.02 0.03 0.03 -0.01 0.00 0.00 0.00 123.155
0.12 -0.08 -0.02 0.03 0.03 -0.01 0.00 0.00 0.00 123.187
0.12 -0.08 -0.02 0.03 0.03 -0.01 0.00 0.00 0.00 123.219
0.12 -0.08 -0.02 0.03 0.03 -0.01 0.00 0.00 0.00 123.252
0.12 -0.08 -0.02 0.04 0.02 -0.01 0.00 0.00 0.00 123.283
0.12 -0.08 -0.02 0.03 0.03 -0.01 0.00 0.00 0.00 123.318
0.12 -0.08 -0.02 0.03 0.03 -0.01 0.00 0.00 0.00 123.350
0.12 -0.08 -0.02 0.02 0.03 -0.01 0.00 0.00 0.00 123.383
0.12 -0.08 -0.02 0.02 0.03 -0.01 0.00 0.00 0.00 123.416
0.12 -0.08 -0.02 0.03 0.03 -0.01 0.00 0.00 0.00 123.451
0.12 -0.08 -0.02 0.03 0.03 -0.01 0.00 0.00 0.00 123.485
0.12 -0.08 -0.02 0.02 0.03 -0.01 0.00 0.00 0.00 123.516
0.12 -0.08 -0.02 0.03 0.03 -0.01 0.00 0.00 0.00 123.548
0.12 -0.08 -0.02 0.02 0.03 -0.01 0.00 0.00 0.00 123.582
0.12 -0.08 -0.02 0.03 0.03 -0.01 0.00 0.00 0.00 123.617
0.12 -0.08 -0.02 0.03 0.03 -0.01 0.00 0.00 0.00 123.651
0.12 -0.08 -0.02 0.03 0.03 -0.01 0.00 0.00 0.00 123.683
0.12 -0.08 -0.02 0.03 0.03 -0.01 0.00 0.00 0.00 123.717
0.12 -0.08 -0.02 0.02 0.03 -0.01 0.00 0.00 0.00 123.750
0.12 -0.08 -0.02 0.03 0.03 -0.01 0.00 0.00 0.00 123.785
0.12 -0.08 -0.02 0.03 0.03 -0.01 0.00 0.00 0.00 123.819
0.12 -0.08 -0.02 0.03 0.03 -0.01 0.00 0.00 0.00 123.851
0.12 -0.08 -0.02 0.02 0.03 -0.01 0.00 0.00 0.00 123.884
0.12 -0.08 -0.02 0.02 0.03 -0.01 0.00 0.00 0.00 123.918
0.12 -0.08 -0.02 0.03 0.03 -0.01 0.00 0.00 0.00 123.953
0.12 -0.08 -0.02 0.02 0.03 -0.01 0.00 0.00 0.00 123.989
0.12 -0.08 -0.02 0.03 0.03 -0.01 0.00 0.00 0.00 124.016
0.12 -0.08 -0.02 0.03 0.03 -0.01 0.00 0.00 0.00 124.050
0.12 -0.08 -0.02 0.03 0.03 -0.01 0.00 0.00 0.00 124.081
0.12 -0.08 -0.02 0.03 0.03 -0.01 0.00 0.00 0.00 124.116
0.12 -0.08 -0.02 0.03 0.03 -0.01 0.00 0.00 0.00 124.151
0.12 -0.08 -0.02 0.03 0.03 0.28 0.30 0.00 0.00 124.183
0.12 -0.08 -0.02 0.03 0.03 0.28 0.30 0.00 0.00 124.217
0.12 -0.08 -0.02 0.05 0.03 0.28 0.30 0.00 0.00 124.250
0.13 -0.07 -0.02 0.05 0.03 -0.02 0.30 0.00 0.00 124.348
0.14 -0.07 -0.02 0.03 0.03 -0.00 0.30 0.00 0.00 124.382
0.14 -0.07 -0.02 0.02 0.03 0.02 0.30 0.00 0.00 124.415
0.14 -0.07 -0.02 0.00 0.03 0.03 0.30 0.00 0.00 124.450
0.14 -0.07 -0.02 0.00 0.03 0.02 0.30 0.00 0.00 124.483
0.14 -0.07 -0.02 0.01 0.03 0.02 0.30 0.00 0.00 124.516
0.14 -0.07 -0.02 0.01 0.03 0.02 0.30 0.00 0.00 124.551
0.14 -0.07 -0.02 0.02 0.02 0.02 0.30 0.00 0.00 124.583
0.14 -0.07 -0.02 0.03 0.02 0.02 0.30 0.00 0.00 124.614
0.14 -0.07 -0.02 0.02 0.02 0.02 0.30 0.00 0.00 124.652
0.14 -0.07 -0.02 0.02 0.02 0.02 0.30 0.00 0.00 124.681
0.14 -0.07 -0.02 0.03 0.02 0.02 0.30 0.00 0.00 124.720
0.14 -0.07 -0.02 0.03 0.02 0.02 0.30 0.00 0.00 124.756
0.14 -0.07 -0.02 0.03 0.02 0.02 0.30 0.00 0.00 124.787
0.14 -0.07 -0.02 0.03 0.02 0.02 0.30 0.00 0.00 124.821
0.14 -0.07 -0.02 0.03 0.02 0.02 0.30 0.00 0.00 124.853
0.14 -0.07 -0.02 0.03 0.02 0.02 0.30 0.00 0.00 124.885
0.14 -0.07 -0.02 0.02 0.02 0.02 0.30 0.00 0.00 124.917
0.14 -0.07 -0.02 0.03 0.02 0.02 0.30 0.00 0.00 124.949
0.14 -0.07 -0.02 0.03 0.02 0.02 0.30 0.00 0.00 124.983
0.14 -0.07 -0.02 0.03 0.02 0.02 0.30 0.00 0.00 125.016
0.14 -0.07 -0.02 0.03 0.02 0.02 0.30 0.00 0.00 125.050
0.14 -0.07 -0.02 0.03 0.02 0.02 0.30 0.00 0.00 125.084
0.14 -0.07 -0.02 0.03 0.02 0.02 0.30 0.00 0.00 125.115
0.14 -0.07 -0.02 0.03 0.02 0.02 0.30 0.00 0.00 125.149
0.14 -0.07 -0.02 0.03 0.02 0.02 0.30 0.00 0.00 125.181
0.14 -0.07 -0.02 0.03 0.02 0.02 0.30 0.00 0.00 125.220
0.14 -0.07 -0.02 0.03 0.02 0.02 0.30 0.00 0.00 125.249
0.14 -0.07 -0.02 0.03 0.02 0.02 0.30 0.00 0.00 125.280
0.14 -0.07 -0.02 0.02 0.02 0.02 0.30 0.00 0.00 125.317
0.14 -0.07 -0.02 0.03 0.02 0.02 0.30 0.00 0.00 125.347
0.14 -0.07 -0.02 0.03 0.02 0.02 0.30 0.00 0.00 125.384
0.14 -0.07 -0.02 0.03 0.02 0.02 0.30 0.00 0.00 125.415
0.14 -0.07 -0.02 0.03 0.02 0.02 0.30 0.00 0.00 125.448
0.14 -0.07 -0.02 0.03 0.02 0.02 0.30 0.00 0.00 125.483
0.14 -0.07 -0.02 0.03 0.02 0.02 0.30 0.00 0.00 125.516
0.14 -0.07 -0.02 0.03 0.02 0.02 0.30 0.00 0.00 125.547
0.14 -0.07 -0.02 0.03 0.02 0.02 0.30 0.00 0.00 125.581
0.14 -0.07 -0.02 0.03 0.02 0.02 0.30 0.00 0.00 125.615
0.14 -0.07 -0.02 0.03 0.02 0.02 0.30 0.00 0.00 125.649
0.14 -0.07 -0.02 0.03 0.02 0.02 0.30 0.00 0.00 125.680
0.14 -0.07 -0.02 0.03 0.02 0.02 0.30 0.00 0.00 125.714
0.14 -0.07 -0.02 0.03 0.02 0.02 0.30 0.00 0.00 125.749
0.14 -0.07 -0.02 0.03 0.02 0.02 0.30 0.00 0.00 125.783
0.14 -0.07 -0.02 0.03 0.02 0.02 0.30 0.00 0.00 125.817
0.14 -0.07 -0.02 0.03 0.02 0.02 0.30 0.00 0.00 125.849
0.14 -0.07 -0.02 0.03 0.02 0.02 0.30 0.00 0.00 125.880
0.14 -0.07 -0.02 0.02 0.02 0.02 0.30 0.00 0.00 125.914
0.14 -0.07 -0.02 0.03 0.02 0.02 0.30 0.00 0.00 125.948
0.14 -0.07 -0.02 0.03 0.02 0.02 0.30 0.00 0.00 125.984
0.14 -0.07 -0.02 0.03 0.02 0.02 0.30 0.00 0.00 126.014
0.14 -0.07 -0.02 0.02 0.02 0.02 0.30 0.00 0.00 126.047
0.14 -0.07 -0.02 0.02 0.02 0.02 0.30 0.00 0.00 126.081
0.14 -0.07 -0.02 0.02 0.02 0.02 0.30 0.00 0.00 126.115
0.14 -0.07 -0.02 0.02 0.02 0.02 0.30 0.00 0.00 126.150
0.14 -0.07 -0.02 0.02 -0.20 0.02 0.30 0.30 0.00 126.183
0.14 -0.07 -0.02 0.02 -0.20 0.02 0.30 0.30 0.00 126.214
0.14 -0.07 -0.02 0.01 -0.20 0.02 0.30 0.30 0.00 126.247
0.14 -0.07 -0.02 -0.13 -0.09 0.02 0.30 0.30 0.00 126.281
0.14 -0.07 -0.02 -0.07 0.10 0.00 0.30 0.30 0.00 126.315
0.14 -0.07 -0.02 -0.03 0.10 0.00 0.30 0.30 0.00 126.347
0.14 -0.07 -0.02 -0.02 0.10 0.02 0.30 0.30 0.00 126.382
0.14 -0.07 -0.02 -0.03 0.04 0.03 0.30 0.30 0.00 126.415
0.14 -0.07 -0.02 -0.02 0.03 0.03 0.30 0.30 0.00 126.447
0.14 -0.07 -0.02 -0.01 0.03 0.02 0.30 0.30 0.00 126.483
0.14 -0.07 -0.02 0.02 0.03 0.02 0.30 0.30 0.00 126.514
0.14 -0.07 -0.02 0.03 0.02 0.02 0.30 0.30 0.00 126.547
0.14 -0.07 -0.02 0.03 0.02 0.02 0.30 0.30 0.00 126.581
0.14 -0.07 -0.02 0.03 0.03 0.02 0.30 0.30 0.00 126.614
0.14 -0.07 -0.02 0.02 0.02 0.02 0.30 0.30 0.00 126.649
0.14 -0.07 -0.02 0.03 0.02 0.02 0.30 0.30 0.00 126.682
0.14 -0.07 -0.02 0.02 0.02 0.02 0.30 0.30 0.00 126.713
0.14 -0.07 -0.02 0.02 0.02 0.02 0.30 0.30 0.00 126.753
0.14 -0.07 -0.02 0.01 0.02 0.02 0.30 0.30 0.00 126.783
0.14 -0.07 -0.02 0.01 0.02 0.02 0.30 0.30 0.00 126.815
0.14 -0.07 -0.02 0.00 0.02 0.02 0.30 0.30 0.00 126.847
0.14 -0.07 -0.02 0.01 0.02 0.02 0.30 0.30 0.00 126.881
0.14 -0.07 -0.02 0.01 0.02 0.02 0.30 0.30 0.00 126.914
0.14 -0.07 -0.02 0.01 0.02 0.02 0.30 0.30 0.00 126.948
0.14 -0.07 -0.02 0.01 0.02 0.02 0.30 0.30 0.00 126.981
0.14 -0.07 -0.02 0.00 0.02 0.02 0.30 0.30 0.00 127.014
0.14 -0.07 -0.02 0.01 0.02 0.02 0.30 0.30 0.00 127.047
0.14 -0.07 -0.02 0.00 0.02 0.02 0.30 0.30 0.00 127.080
0.14 -0.07 -0.02 0.00 0.02 0.02 0.30 0.30 0.00 127.114
0.14 -0.07 -0.02 0.01 0.02 0.02 0.30 0.30 0.00 127.149
0.14 -0.07 -0.02 -0.00 0.02 0.02 0.30 0.30 0.00 127.180
0.14 -0.07 -0.02 0.00 0.02 0.02 0.30 0.30 0.00 127.213
0.14 -0.07 -0.02 0.00 0.02 0.02 0.30 0.30 0.00 127.247
0.14 -0.07 -0.02 0.00 0.02 0.02 0.30 0.30 0.00 127.280
0.14 -0.07 -0.02 0.00 0.02 0.02 0.30 0.30 0.00 127.315
0.14 -0.07 -0.02 0.00 0.02 0.02 0.30 0.30 0.00 127.348
0.14 -0.07 -0.02 0.00 0.02 0.02 0.30 0.30 0.00 127.380
0.14 -0.07 -0.02 0.00 0.02 0.02 0.30 0.30 0.00 127.413
0.14 -0.07 -0.02 0.01 0.02 0.02 0.30 0.30 0.00 127.448
0.14 -0.07 -0.02 0.00 0.02 0.02 0.30 0.30 0.00 127.484
0.14 -0.07 -0.02 0.01 0.02 0.02 0.30 0.30 0.00 127.515
0.14 -0.07 -0.02 0.00 0.02 0.02 0.30 0.30 0.00 127.548
0.14 -0.07 -0.02 0.00 0.02 0.02 0.30 0.30 0.00 127.580
0.14 -0.07 -0.02 0.00 0.02 0.02 0.30 0.30 0.00 127.615
0.14 -0.07 -0.02 -0.00 0.02 0.02 0.30 0.30 0.00 127.650
0.14 -0.07 -0.02 -0.00 0.02 0.02 0.30 0.30 0.00 127.681
0.14 -0.07 -0.02 0.00 0.02 0.02 0.30 0.30 0.00 127.714
0.14 -0.07 -0.02 0.01 0.02 0.02 0.30 0.30 0.00 127.756
0.14 -0.07 -0.02 -0.00 0.02 0.02 0.30 0.30 0.00 127.781
0.14 -0.07 -0.02 0.00 0.02 0.02 0.30 0.30 0.00 127.815
0.14 -0.07 -0.02 0.00 0.02 0.02 0.30 0.30 0.00 127.848
0.14 -0.07 -0.02 -0.00 0.02 0.02 0.30 0.30 0.00 127.881
0.14 -0.07 -0.02 -0.01 0.02 0.02 0.30 0.30 0.00 127.914
0.14 -0.07 -0.02 -0.00 0.02 0.02 0.30 0.30 0.00 127.946
0.14 -0.07 -0.02 0.00 0.02 0.02 0.30 0.30 0.00 127.982
0.14 -0.07 -0.02 0.00 0.02 0.02 0.30 0.30 0.00 128.013
0.14 -0.07 -0.02 -0.00 0.02 0.02 0.30 0.30 0.00 128.046
0.14 -0.07 -0.02 -0.01 0.02 0.02 0.30 0.30 0.00 128.080
0.14 -0.07 -0.02 -0.01 0.02 0.02 0.30 0.30 0.00 128.114
0.14 -0.07 -0.02 -0.00 0.02 0.02 0.30 0.30 0.00 128.148
0.14 -0.07 -0.02 -0.00 0.02 -0.56 -0.30 0.30 0.00 128.181
0.14 -0.07 -0.02 -0.01 0.02 -0.56 -0.30 0.30 0.00 128.215
0.14 -0.07 -0.02 0.01 0.02 -0.56 -0.30 0.30 0.00 128.248
0.15 -0.07 -0.02 -0.01 0.01 -0.03 -0.30 0.30 0.00 128.380
0.15 -0.07 -0.02 -0.01 0.01 -0.03 -0.30 0.30 0.00 128.413
0.15 -0.07 -0.02 -0.04 0.01 -0.04 -0.30 0.30 0.00 128.447
0.15 -0.07 -0.02 -0.04 0.01 -0.04 -0.30 0.30 0.00 128.481
0.15 -0.07 -0.02 -0.06 0.01 -0.04 -0.30 0.30 0.00 128.514
0.15 -0.07 -0.02 -0.07 0.01 -0.04 -0.30 0.30 0.00 128.546
0.15 -0.07 -0.02 -0.08 0.01 -0.04 -0.30 0.30 0.00 128.579
0.15 -0.07 -0.02 -0.05 0.00 -0.03 -0.30 0.30 0.00 128.614
0.15 -0.07 -0.02 -0.03 0.00 -0.03 -0.30 0.30 0.00 128.650
0.15 -0.07 -0.02 -0.05 0.00 -0.02 -0.30 0.30 0.00 128.679
0.15 -0.07 -0.02 -0.06 0.00 -0.03 -0.30 0.30 0.00 128.716
0.15 -0.07 -0.02 -0.05 -0.00 -0.03 -0.30 0.30 0.00 128.748
0.15 -0.07 -0.02 -0.02 -0.00 -0.02 -0.30 0.30 0.00 128.783
0.15 -0.07 -0.02 -0.05 0.00 -0.02 -0.30 0.30 0.00 128.817
0.15 -0.07 -0.02 -0.07 0.00 -0.02 -0.30 0.30 0.00 128.847
0.15 -0.07 -0.02 -0.06 -0.01 -0.01 -0.30 0.30 0.00 128.880
0.15 -0.07 -0.02 -0.03 -0.02 -0.01 -0.30 0.30 0.00 128.914
0.15 -0.07 -0.02 -0.01 -0.02 -0.00 -0.30 0.30 0.00 128.947
0.15 -0.07 -0.02 -0.00 -0.02 -0.00 -0.30 0.30 0.00 128.982
0.15 -0.07 -0.02 -0.00 -0.01 0.00 -0.30 0.30 0.00 129.014
0.15 -0.07 -0.02 -0.01 -0.00 0.00 -0.30 0.30 0.00 129.046
0.15 -0.07 -0.02 0.00 0.00 0.00 -0.30 0.30 0.00 129.081
0.15 -0.07 -0.02 0.00 0.00 0.00 -0.30 0.30 0.00 129.116
0.15 -0.07 -0.02 -0.00 0.00 0.00 -0.30 0.30 0.00 129.149
0.15 -0.07 -0.02 -0.00 0.00 0.00 -0.30 0.30 0.00 129.179
0.15 -0.07 -0.02 -0.01 0.00 0.00 -0.30 0.30 0.00 129.212
0.15 -0.07 -0.02 -0.01 0.00 0.00 -0.30 0.30 0.00 129.246
0.15 -0.07 -0.02 -0.01 0.00 0.00 -0.30 0.30 0.00 129.279
0.15 -0.07 -0.02 -0.02 0.00 0.00 -0.30 0.30 0.00 129.314
0.15 -0.07 -0.02 0.00 0.00 0.00 -0.30 0.30 0.00 129.347
0.15 -0.07 -0.02 0.01 0.00 0.00 -0.30 0.30 0.00 129.381
0.15 -0.07 -0.02 0.01 0.00 0.00 -0.30 0.30 0.00 129.412
0.15 -0.07 -0.02 0.02 0.00 0.00 -0.30 0.30 0.00 129.447
0.15 -0.07 -0.02 0.01 0.00 0.00 -0.30 0.30 0.00 129.480
0.15 -0.07 -0.02 0.01 0.00 0.00 -0.30 0.30 0.00 129.513
0.15 -0.07 -0.02 0.02 0.00 0.00 -0.30 0.30 0.00 129.545
0.15 -0.07 -0.02 0.03 0.00 0.00 -0.30 0.30 0.00 129.579
0.15 -0.07 -0.02 0.03 0.00 0.00 -0.30 0.30 0.00 129.612
0.15 -0.07 -0.02 0.03 0.00 0.00 -0.30 0.30 0.00 129.647
0.15 -0.07 -0.02 0.03 0.00 0.00 -0.30 0.30 0.00 129.679
0.15 -0.07 -0.02 0.02 0.00 0.00 -0.30 0.30 0.00 129.712
0.15 -0.07 -0.02 0.01 0.00 0.00 -0.30 0.30 0.00 129.745
0.15 -0.07 -0.02 0.01 0.00 0.00 -0.30 0.30 0.00 129.780
0.15 -0.07 -0.02 0.01 0.00 0.00 -0.30 0.30 0.00 129.814
0.15 -0.07 -0.02 0.01 0.00 0.00 -0.30 0.30 0.00 129.846
0.15 -0.07 -0.02 0.01 0.00 0.00 -0.30 0.30 0.00 129.882
0.15 -0.07 -0.02 0.03 0.00 0.00 -0.30 0.30 0.00 129.914
0.15 -0.07 -0.02 0.03 0.00 0.00 -0.30 0.30 0.00 129.952
0.15 -0.07 -0.02 0.04 0.00 0.00 -0.30 0.30 0.00 129.985
0.15 -0.07 -0.02 0.02 0.00 -0.00 -0.30 0.30 0.00 130.012
0.15 -0.07 -0.02 0.00 0.00 -0.00 -0.30 0.30 0.00 130.046
0.15 -0.07 -0.02 -0.03 0.00 -0.00 -0.30 0.30 0.00 130.081
0.15 -0.07 -0.02 -0.04 0.00 -0.00 -0.30 0.30 0.00 130.114
0.15 -0.07 -0.02 -0.05 0.00 -0.00 -0.30 0.30 0.00 130.148
0.15 -0.07 -0.02 -0.06 0.44 -0.00 -0.30 -0.30 0.00 130.182
0.15 -0.07 -0.02 -0.04 0.44 -0.00 -0.30 -0.30 0.00 130.214
0.15 -0.07 -0.02 -0.04 0.41 -0.01 -0.30 -0.30 0.00 130.246
0.15 -0.07 -0.02 -0.03 0.14 -0.02 -0.30 -0.30 0.00 130.314
0.15 -0.07 -0.02 -0.01 0.07 -0.03 -0.30 -0.30 0.00 130.345
0.15 -0.07 -0.02 0.03 0.06 -0.03 -0.30 -0.30 0.00 130.379
0.15 -0.07 -0.02 0.02 0.05 -0.03 -0.30 -0.30 0.00 130.413
0.15 -0.07 -0.02 0.05 0.04 -0.03 -0.30 -0.30 0.00 130.449
0.15 -0.07 -0.02 0.06 0.04 -0.03 -0.30 -0.30 0.00 130.482
0.15 -0.07 -0.02 0.07 0.04 -0.03 -0.30 -0.30 0.00 130.513
0.15 -0.07 -0.02 0.07 0.04 -0.03 -0.30 -0.30 0.00 130.550
0.15 -0.07 -0.02 0.06 0.05 -0.03 -0.30 -0.30 0.00 130.580
0.15 -0.07 -0.02 0.04 0.05 -0.03 -0.30 -0.30 0.00 130.613
0.15 -0.07 -0.02 0.04 0.05 -0.03 -0.30 -0.30 0.00 130.650
0.15 -0.07 -0.02 0.04 0.06 -0.03 -0.30 -0.30 0.00 130.683
0.15 -0.07 -0.02 0.05 0.06 -0.03 -0.30 -0.30 0.00 130.724
0.15 -0.07 -0.02 0.04 0.06 -0.03 -0.30 -0.30 0.00 130.754
0.15 -0.07 -0.02 0.05 0.06 -0.03 -0.30 -0.30 0.00 130.786
0.15 -0.07 -0.02 0.04 0.06 -0.03 -0.30 -0.30 0.00 130.816
0.15 -0.07 -0.02 0.04 0.06 -0.03 -0.30 -0.30 0.00 130.849
0.15 -0.07 -0.02 0.04 0.06 -0.03 -0.30 -0.30 0.00 130.883
0.15 -0.07 -0.02 0.03 0.06 -0.03 -0.30 -0.30 0.00 130.914
0.15 -0.07 -0.02 0.04 0.06 -0.03 -0.30 -0.30 0.00 130.948
0.15 -0.07 -0.02 0.04 0.06 -0.03 -0.30 -0.30 0.00 130.981
0.15 -0.07 -0.02 0.04 0.05 -0.03 -0.30 -0.30 0.00 131.013
0.15 -0.07 -0.02 0.04 0.06 -0.03 -0.30 -0.30 0.00 131.047
0.15 -0.07 -0.02 0.03 0.06 -0.03 -0.30 -0.30 0.00 131.080
0.15 -0.07 -0.02 0.05 0.05 -0.03 -0.30 -0.30 0.00 131.114
0.15 -0.07 -0.02 0.05 0.06 -0.03 -0.30 -0.30 0.00 131.148
0.15 -0.07 -0.02 0.05 0.05 -0.03 -0.30 -0.30 0.00 131.178
0.15 -0.07 -0.02 0.04 0.06 -0.03 -0.30 -0.30 0.00 131.213
0.15 -0.07 -0.02 0.04 0.06 -0.03 -0.30 -0.30 0.00 131.245
0.15 -0.07 -0.02 0.05 0.06 -0.03 -0.30 -0.30 0.00 131.279
0.15 -0.07 -0.02 0.05 0.06 -0.03 -0.30 -0.30 0.00 131.314
0.15 -0.07 -0.02 0.04 0.06 -0.03 -0.30 -0.30 0.00 131.346
0.15 -0.07 -0.02 -0.01 0.06 -0.03 -0.30 -0.30 0.00 131.380
0.15 -0.07 -0.02 -0.03 0.06 -0.03 -0.30 -0.30 0.00 131.412
0.15 -0.07 -0.02 -0.04 0.06 -0.03 -0.30 -0.30 0.00 131.447
0.15 -0.07 -0.02 -0.05 0.06 -0.03 -0.30 -0.30 0.00 131.482
0.15 -0.07 -0.02 -0.04 0.06 -0.03 -0.30 -0.30 0.00 131.517
0.15 -0.07 -0.02 0.00 0.06 -0.03 -0.30 -0.30 0.00 131.548
0.15 -0.07 -0.02 0.04 0.05 -0.03 -0.30 -0.30 0.00 131.585
0.15 -0.07 -0.02 0.04 0.05 -0.03 -0.30 -0.30 0.00 131.614
0.15 -0.07 -0.02 0.04 0.05 -0.03 -0.30 -0.30 0.00 131.651
0.15 -0.07 -0.02 0.05 0.05 -0.04 -0.30 -0.30 0.00 131.679
0.15 -0.07 -0.02 0.06 0.05 -0.04 -0.30 -0.30 0.00 131.714
0.15 -0.07 -0.02 0.06 0.05 -0.04 -0.30 -0.30 0.00 131.746
0.15 -0.07 -0.02 0.07 0.06 -0.03 -0.30 -0.30 0.00 131.780
0.15 -0.07 -0.02 0.07 0.06 -0.03 -0.30 -0.30 0.00 131.814
0.15 -0.07 -0.02 0.04 0.06 -0.03 -0.30 -0.30 0.00 131.844
0.15 -0.07 -0.02 -0.00 0.06 -0.03 -0.30 -0.30 0.00 131.878
0.15 -0.07 -0.02 -0.04 0.06 -0.03 -0.30 -0.30 0.00 131.912
0.15 -0.07 -0.02 -0.04 0.06 -0.03 -0.30 -0.30 0.00 131.945
0.15 -0.07 -0.02 -0.05 0.06 -0.03 -0.30 -0.30 0.00 131.981
0.15 -0.07 -0.02 -0.07 0.06 -0.03 -0.30 -0.30 0.00 132.012
0.15 -0.07 -0.02 -0.05 0.06 -0.03 -0.30 -0.30 0.00 132.050
0.15 -0.07 -0.02 -0.01 0.06 -0.03 -0.30 -0.30 0.00 132.079
0.15 -0.07 -0.02 0.01 0.05 -0.04 -0.30 -0.30 0.00 132.124
0.15 -0.07 -0.02 0.03 0.05 -0.03 -0.30 -0.30 0.00 132.148
0.15 -0.07 -0.02 0.02 0.05 0.26 0.00 -0.30 0.00 132.179
0.15 -0.07 -0.02 0.04 0.05 0.26 0.00 -0.30 0.00 132.212
0.15 -0.07 -0.02 0.04 0.05 0.26 0.00 -0.30 0.00 132.247
0.15 -0.07 -0.02 0.04 0.07 -0.01 0.00 -0.30 0.00 132.382
0.15 -0.07 -0.02 0.02 0.07 0.01 0.00 -0.30 0.00 132.413
0.15 -0.07 -0.02 0.04 0.07 0.02 0.00 -0.30 0.00 132.444
0.15 -0.07 -0.02 0.02 0.07 0.02 0.00 -0.30 0.00 132.481
0.15 -0.07 -0.02 0.03 0.06 0.02 0.00 -0.30 0.00 132.511
0.15 -0.07 -0.02 0.00 0.06 0.02 0.00 -0.30 0.00 132.543
0.15 -0.07 -0.02 0.02 0.05 0.02 0.00 -0.30 0.00 132.578
0.15 -0.07 -0.02 0.02 0.05 0.02 0.00 -0.30 0.00 132.610
0.15 -0.07 -0.02 0.01 0.05 0.02 0.00 -0.30 0.00 132.646
0.15 -0.07 -0.02 0.01 0.05 0.02 0.00 -0.30 0.00 132.677
0.15 -0.07 -0.02 0.01 0.05 0.02 0.00 -0.30 0.00 132.713
0.15 -0.07 -0.02 0.00 0.05 0.02 0.00 -0.30 0.00 132.748
0.15 -0.07 -0.02 -0.00 0.05 0.02 0.00 -0.30 0.00 132.782
0.15 -0.07 -0.02 0.00 0.05 0.02 0.00 -0.30 0.00 132.814
0.15 -0.07 -0.02 -0.01 0.06 0.02 0.00 -0.30 0.00 132.844
0.15 -0.07 -0.02 -0.02 0.06 0.02 0.00 -0.30 0.00 132.877
0.15 -0.07 -0.02 -0.02 0.06 0.02 0.00 -0.30 0.00 132.911
0.15 -0.07 -0.02 -0.02 0.05 0.02 0.00 -0.30 0.00 132.944
0.15 -0.07 -0.02 -0.04 0.06 0.02 0.00 -0.30 0.00 132.979
0.15 -0.07 -0.02 -0.02 0.06 0.02 0.00 -0.30 0.00 133.009
0.15 -0.07 -0.02 -0.03 0.06 0.02 0.00 -0.30 0.00 133.044
0.15 -0.07 -0.02 -0.03 0.06 0.02 0.00 -0.30 0.00 133.078
0.15 -0.07 -0.02 -0.02 0.06 0.02 0.00 -0.30 0.00 133.112
0.15 -0.07 -0.02 -0.02 0.05 0.02 0.00 -0.30 0.00 133.149
0.15 -0.07 -0.02 -0.02 0.06 0.02 0.00 -0.30 0.00 133.180
0.15 -0.07 -0.02 -0.02 0.05 0.02 0.00 -0.30 0.00 133.212
0.15 -0.07 -0.02 -0.03 0.06 0.02 0.00 -0.30 0.00 133.243
0.15 -0.07 -0.02 -0.02 0.05 0.02 0.00 -0.30 0.00 133.276
0.15 -0.07 -0.02 -0.01 0.05 0.02 0.00 -0.30 0.00 133.314
0.15 -0.07 -0.02 -0.02 0.06 0.02 0.00 -0.30 0.00 133.343
0.15 -0.07 -0.02 -0.01 0.05 0.02 0.00 -0.30 0.00 133.377
0.15 -0.07 -0.02 -0.02 0.06 0.02 0.00 -0.30 0.00 133.410
0.15 -0.07 -0.02 -0.01 0.06 0.02 0.00 -0.30 0.00 133.444
0.15 -0.07 -0.02 -0.02 0.06 0.02 0.00 -0.30 0.00 133.478
0.15 -0.07 -0.02 -0.03 0.06 0.02 0.00 -0.30 0.00 133.511
0.15 -0.07 -0.02 -0.03 0.06 0.02 0.00 -0.30 0.00 133.543
0.15 -0.07 -0.02 -0.03 0.06 0.02 0.00 -0.30 0.00 133.577
0.15 -0.07 -0.02 -0.03 0.06 0.02 0.00 -0.30 0.00 133.611
0.15 -0.07 -0.02 -0.03 0.05 0.02 0.00 -0.30 0.00 133.644
0.15 -0.07 -0.02 -0.03 0.06 0.02 0.00 -0.30 0.00 133.676
0.15 -0.07 -0.02 -0.03 0.06 0.02 0.00 -0.30 0.00 133.712
0.15 -0.07 -0.02 -0.02 0.05 0.02 0.00 -0.30 0.00 133.743
0.15 -0.07 -0.02 -0.03 0.06 0.02 0.00 -0.30 0.00 133.778
0.15 -0.07 -0.02 -0.02 0.06 0.02 0.00 -0.30 0.00 133.814
0.15 -0.07 -0.02 -0.02 0.06 0.02 0.00 -0.30 0.00 133.843
0.15 -0.07 -0.02 -0.02 0.06 0.02 0.00 -0.30 0.00 133.877
0.15 -0.07 -0.02 -0.03 0.06 0.02 0.00 -0.30 0.00 133.911
0.15 -0.07 -0.02 -0.04 0.06 0.02 0.00 -0.30 0.00 133.945
0.15 -0.07 -0.02 -0.04 0.06 0.02 0.00 -0.30 0.00 133.982
0.15 -0.07 -0.02 -0.06 0.06 0.02 0.00 -0.30 0.00 134.014
0.15 -0.07 -0.02 -0.08 0.06 0.02 0.00 -0.30 0.00 134.044
0.15 -0.07 -0.02 -0.07 0.06 0.02 0.00 -0.30 0.00 134.076
0.15 -0.07 -0.02 -0.06 0.06 0.02 0.00 -0.30 0.00 134.111
0.15 -0.07 -0.02 -0.08 0.06 0.02 0.00 -0.30 0.00 134.146
0.15 -0.07 -0.02 -0.10 -0.16 0.02 0.00 0.00 0.00 134.178
0.15 -0.07 -0.02 -0.11 -0.16 0.02 0.00 0.00 0.00 134.211
0.15 -0.07 -0.02 -0.09 -0.16 0.01 0.00 0.00 0.00 134.244
0.15 -0.07 -0.02 -0.08 0.05 0.02 0.00 0.00 0.00 134.311
0.15 -0.07 -0.02 -0.03 0.06 0.02 0.00 0.00 0.00 134.343
0.15 -0.07 -0.02 -0.01 0.07 0.02 0.00 0.00 0.00 134.378
0.15 -0.07 -0.02 0.03 0.05 0.02 0.00 0.00 0.00 134.409
0.15 -0.07 -0.02 0.04 0.05 0.02 0.00 0.00 0.00 134.443
0.15 -0.07 -0.02 0.07 0.04 0.02 0.00 0.00 0.00 134.478
0.15 -0.07 -0.02 0.06 0.04 0.02 0.00 0.00 0.00 134.509
0.15 -0.07 -0.02 0.05 0.04 0.01 0.00 0.00 0.00 134.542
0.15 -0.07 -0.02 0.04 0.04 0.01 0.00 0.00 0.00 134.576
0.15 -0.07 -0.02 0.04 0.04 0.01 0.00 0.00 0.00 134.609
0.15 -0.07 -0.02 0.03 0.04 0.01 0.00 0.00 0.00 134.645
0.15 -0.07 -0.02 0.03 0.04 0.01 0.00 0.00 0.00 134.676
0.15 -0.07 -0.02 0.02 0.04 0.01 0.00 0.00 0.00 134.710
0.15 -0.07 -0.02 0.01 0.04 0.01 0.00 0.00 0.00 134.755
0.15 -0.07 -0.02 0.02 0.04 0.01 0.00 0.00 0.00 134.784
0.15 -0.07 -0.02 0.03 0.04 0.01 0.00 0.00 0.00 134.815
0.15 -0.07 -0.02 0.04 0.04 0.01 0.00 0.00 0.00 134.842
0.15 -0.07 -0.02 0.04 0.04 0.01 0.00 0.00 0.00 134.876
0.15 -0.07 -0.02 0.04 0.04 0.01 0.00 0.00 0.00 134.909
0.15 -0.07 -0.02 0.03 0.04 0.01 0.00 0.00 0.00 134.942
0.15 -0.07 -0.02 0.04 0.04 0.01 0.00 0.00 0.00 134.978
0.15 -0.07 -0.02 0.04 0.04 0.01 0.00 0.00 0.00 135.008
0.15 -0.07 -0.02 0.06 0.04 0.01 0.00 0.00 0.00 135.042
0.15 -0.07 -0.02 0.04 0.04 0.01 0.00 0.00 0.00 135.075
0.15 -0.07 -0.02 0.01 0.04 0.01 0.00 0.00 0.00 135.109
0.15 -0.07 -0.02 -0.03 0.04 0.01 0.00 0.00 0.00 135.144
0.15 -0.07 -0.02 -0.05 0.04 0.01 0.00 0.00 0.00 135.175
0.15 -0.07 -0.02 -0.06 0.04 0.01 0.00 0.00 0.00 135.210
0.15 -0.07 -0.02 -0.07 0.04 0.01 0.00 0.00 0.00 135.243
0.15 -0.07 -0.02 -0.04 0.04 0.01 0.00 0.00 0.00 135.276
0.15 -0.07 -0.02 0.01 0.04 0.01 0.00 0.00 0.00 135.312
0.15 -0.07 -0.02 0.03 0.04 0.01 0.00 0.00 0.00 135.343
0.15 -0.07 -0.02 0.03 0.04 0.01 0.00 0.00 0.00 135.377
0.15 -0.07 -0.02 0.02 0.04 0.01 0.00 0.00 0.00 135.413
0.15 -0.07 -0.02 0.03 0.04 0.01 0.00 0.00 0.00 135.444
0.15 -0.07 -0.02 0.03 0.04 0.01 0.00 0.00 0.00 135.478
0.15 -0.07 -0.02 0.03 0.04 0.01 0.00 0.00 0.00 135.510
0.15 -0.07 -0.02 0.05 0.04 0.01 0.00 0.00 0.00 135.544
0.15 -0.07 -0.02 0.06 0.04 0.01 0.00 0.00 0.00 135.577
0.15 -0.07 -0.02 0.06 0.04 0.01 0.00 0.00 0.00 135.610
0.15 -0.07 -0.02 0.00 0.04 0.01 0.00 0.00 0.00 135.644
0.15 -0.07 -0.02 -0.03 0.04 0.01 0.00 0.00 0.00 135.675
0.15 -0.07 -0.02 -0.05 0.04 0.01 0.00 0.00 0.00 135.709
0.15 -0.07 -0.02 -0.06 0.04 0.01 0.00 0.00 0.00 135.742
0.15 -0.07 -0.02 -0.07 0.04 0.01 0.00 0.00 0.00 135.776
0.15 -0.07 -0.02 -0.06 0.04 0.01 0.00 0.00 0.00 135.810
0.15 -0.07 -0.02 0.00 0.04 0.01 0.00 0.00 0.00 135.843
0.15 -0.07 -0.02 0.01 0.04 0.01 0.00 0.00 0.00 135.879
0.15 -0.07 -0.02 0.02 0.04 0.01 0.00 0.00 0.00 135.909
0.15 -0.07 -0.02 0.02 0.04 0.01 0.00 0.00 0.00 135.944
0.15 -0.07 -0.02 0.02 0.04 0.01 0.00 0.00 0.00 135.979
0.15 -0.07 -0.02 0.03 0.04 0.01 0.00 0.00 0.00 136.010
0.15 -0.07 -0.02 0.03 0.04 0.01 0.00 0.00 0.00 136.043
0.15 -0.07 -0.02 0.02 0.04 0.01 0.00 0.00 0.00 136.076
0.15 -0.07 -0.02 0.02 0.04 0.01 0.00 0.00 0.00 136.111
0.15 -0.07 -0.02 0.03 0.04 0.01 0.00 0.00 0.00 136.144
0.15 -0.07 -0.02 0.05 0.04 0.01 0.00 0.00 0.00 136.176
0.15 -0.07 -0.02 0.06 0.04 0.01 0.00 0.00 0.00 136.209
0.15 -0.07 -0.02 0.05 0.04 0.01 0.00 0.00 0.00 136.245
0.15 -0.07 -0.02 0.02 0.04 0.01 0.00 0.00 0.00 136.279
0.15 -0.07 -0.02 -0.02 0.04 0.01 0.00 0.00 0.00 136.313
0.15 -0.07 -0.02 -0.04 0.04 0.01 0.00 0.00 0.00 136.343
0.15 -0.07 -0.02 -0.04 0.04 0.01 0.00 0.00 0.00 136.377
0.15 -0.07 -0.02 -0.04 0.04 0.01 0.00 0.00 0.00 136.410
0.15 -0.07 -0.02 -0.05 0.04 0.01 0.00 0.00 0.00 136.442
0.15 -0.07 -0.02 -0.04 0.04 0.01 0.00 0.00 0.00 136.476
0.15 -0.07 -0.02 -0.03 0.04 0.01 0.00 0.00 0.00 136.509
0.15 -0.07 -0.02 -0.00 0.04 0.01 0.00 0.00 0.00 136.541
0.15 -0.07 -0.02 0.02 0.04 0.01 0.00 0.00 0.00 136.575
0.15 -0.07 -0.02 0.02 0.04 0.01 0.00 0.00 0.00 136.608
0.15 -0.07 -0.02 0.01 0.04 0.01 0.00 0.00 0.00 136.645
0.15 -0.07 -0.02 0.02 0.04 0.01 0.00 0.00 0.00 136.676
0.15 -0.07 -0.02 0.03 0.04 0.01 0.00 0.00 0.00 136.711
0.15 -0.07 -0.02 0.04 0.04 0.01 0.00 0.00 0.00 136.744
0.15 -0.07 -0.02 0.05 0.04 0.01 0.00 0.00 0.00 136.779
0.15 -0.07 -0.02 0.05 0.04 0.01 0.00 0.00 0.00 136.812
0.15 -0.07 -0.02 0.03 0.04 0.01 0.00 0.00 0.00 136.843
0.15 -0.07 -0.02 0.00 0.04 0.01 0.00 0.00 0.00 136.874
0.15 -0.07 -0.02 -0.01 0.04 0.01 0.00 0.00 0.00 136.910
0.15 -0.07 -0.02 -0.03 0.04 0.01 0.00 0.00 0.00 136.941
0.15 -0.07 -0.02 -0.03 0.04 0.01 0.00 0.00 0.00 136.977
0.15 -0.07 -0.02 -0.02 0.04 0.01 0.00 0.00 0.00 137.010
0.15 -0.07 -0.02 -0.02 0.04 0.01 0.00 0.00 0.00 137.047
0.15 -0.07 -0.02 -0.03 0.04 0.01 0.00 0.00 0.00 137.078
0.15 -0.07 -0.02 -0.03 0.04 0.01 0.00 0.00 0.00 137.114
0.15 -0.07 -0.02 -0.04 0.04 0.01 0.00 0.00 0.00 137.145
0.15 -0.07 -0.02 -0.04 0.04 0.01 0.00 0.00 0.00 137.177
0.15 -0.07 -0.02 -0.03 0.04 0.01 0.00 0.00 0.00 137.210
0.15 -0.07 -0.02 -0.03 0.04 0.01 0.00 0.00 0.00 137.241
0.15 -0.07 -0.02 -0.03 0.04 0.01 0.00 0.00 0.00 137.275
0.15 -0.07 -0.02 -0.03 0.04 0.01 0.00 0.00 0.00 137.311
0.15 -0.07 -0.02 -0.03 0.04 0.01 0.00 0.00 0.00 137.341
0.15 -0.07 -0.02 -0.02 0.04 0.01 0.00 0.00 0.00 137.374
0.15 -0.07 -0.02 -0.02 0.04 0.01 0.00 0.00 0.00 137.409
0.15 -0.07 -0.02 -0.01 0.04 0.01 0.00 0.00 0.00 137.444
0.15 -0.07 -0.02 -0.00 0.04 0.01 0.00 0.00 0.00 137.476
0.15 -0.07 -0.02 0.00 0.04 0.01 0.00 0.00 0.00 137.509
0.15 -0.07 -0.02 -0.01 0.04 0.01 0.00 0.00 0.00 137.541
0.15 -0.07 -0.02 -0.01 0.04 0.01 0.00 0.00 0.00 137.578
0.15 -0.07 -0.02 -0.02 0.04 0.01 0.00 0.00 0.00 137.609
0.15 -0.07 -0.02 -0.03 0.04 0.01 0.00 0.00 0.00 137.644
0.15 -0.07 -0.02 -0.03 0.04 0.01 0.00 0.00 0.00 137.678
0.15 -0.07 -0.02 -0.02 0.04 0.01 0.00 0.00 0.00 137.709
0.15 -0.07 -0.02 -0.01 0.04 0.01 0.00 0.00 0.00 137.743
0.15 -0.07 -0.02 -0.02 0.04 0.01 0.00 0.00 0.00 137.778
0.15 -0.07 -0.02 -0.01 0.04 0.01 0.00 0.00 0.00 137.811
0.15 -0.07 -0.02 -0.02 0.04 0.01 0.00 0.00 0.00 137.842
0.15 -0.07 -0.02 -0.02 0.04 0.01 0.00 0.00 0.00 137.879
0.15 -0.07 -0.02 -0.01 0.04 0.01 0.00 0.00 0.00 137.912
0.15 -0.07 -0.02 -0.02 0.04 0.01 0.00 0.00 0.00 137.945
0.15 -0.07 -0.02 -0.02 0.04 0.01 0.00 0.00 0.00 137.978
0.15 -0.07 -0.02 -0.02 0.04 0.01 0.00 0.00 0.00 138.008
0.15 -0.07 -0.02 -0.02 0.04 0.01 0.00 0.00 0.00 138.043
0.15 -0.07 -0.02 -0.02 0.04 0.01 0.00 0.00 0.00 138.074
0.15 -0.07 -0.02 -0.01 0.04 0.01 0.00 0.00 0.00 138.108
0.15 -0.07 -0.02 -0.01 0.04 0.01 0.00 0.00 0.00 138.144
0.15 -0.07 -0.02 -0.02 0.04 0.01 0.00 0.00 0.00 138.173
0.15 -0.07 -0.02 -0.02 0.04 0.01 0.00 0.00 0.00 138.208
0.15 -0.07 -0.02 -0.02 0.04 0.01 0.00 0.00 0.00 138.242
0.15 -0.07 -0.02 -0.01 0.04 0.01 0.00 0.00 0.00 138.275
0.15 -0.07 -0.02 -0.01 0.04 0.01 0.00 0.00 0.00 138.310
0.15 -0.07 -0.02 -0.01 0.04 0.01 0.00 0.00 0.00 138.342
